Player           Team PS GP  Min  FGM  FGA  3M  3A FTM  FTA  OR   TR   AS  ST  TO  BK  PF  DQ   PTS  TC  EJ  FF Sta +/-
acy,quincy        sac SF 11  131   13   24   2   7   7   11  10   27    5   5   2   6  17   0    35   0   0   0   0  -22
adams,steven      okl  C 25  409   33   68   0   0  32   48  54  119   20  14  24  24  71   0    98   1   0   0   2   10
adrien,jeff       cha SF 17  214   18   34   0   0  12   20  30   73    4   5   3  12  26   0    48   0   0   0   0   -2
afflalo,arron     orl SG 25  941  188  402  54 130 110  126   9  117   99  17  52   1  43   0   540   2   0   0  25  -78
aldrich,cole      nyk  C 11   40    3    7   0   0   2    2   4   20    4   1   5   1   3   0     8   0   0   0   0  -14
aldridge,lamarcu  por PF 27  998  260  543   0   3 109  138  68  301   75  31  51  24  51   0   629   1   0   0  27  202
allen,lavoy       phi PF 27  531   62  130   1   4  14   23  52  152   26  13  24  13  51   0   139   0   0   0   2 -102
allen,ray         mia SG 23  580   82  176  34  90  35   38   8   61   55  22  35   4  40   0   233   0   0   0   2   96
allen,tony        mem SG 20  518   87  171   5  23  33   47  39   83   43  43  37  10  43   0   212   1   0   0  20   45
aminu,al-farouq   nor SF 23  563   67  141   1   8  22   41  50  156   35  28  23  14  37   0   157   0   0   0  22   -3
amundson,lou      nor PF 15  165   14   29   0   0   5   20  26   51    5   9  14   9  44   2    33   1   0   0   0  -37
andersen,chris    mia  C 25  455   62  100   1   4  35   52  35  110   10  11  19  30  54   0   160   0   0   0   0   86
anderson,alan     bro SG 26  677   81  190  37  99  26   34  16   72   31  23  17   4  53   0   225   1   0   0  11  -75
anderson,james    phi SG 27  805  105  238  36 115  30   43  16   92   48  21  39  10  40   0   276   0   0   0  17 -149
anderson,ryan     nor PF 15  543  111  255  50 117  49   50  42   90   11   7  14   6  31   0   321   0   0   0   8   14
antetokounmpo,gi  mil SG 21  411   45   91   7  23  33   50  21   81   22  12  22  14  43   1   130   0   0   0   2  -13
anthony,carmelo   nyk SF 25  999  233  527  35  99 159  187  66  226   72  26  60  18  76   0   660   3   0   0  25  -34
anthony,joel      mia  C  8   32    2    5   0   0   0    0   2    6    0   0   1   4   4   0     4   0   0   0   0    1
antic,pero        atl PF 16  182   21   54   9  29  10   13  13   35   14   3   9   4  22   0    61   0   0   0   0   39
ariza,trevor      was SF 19  685  103  222  47 115  36   51  24  110   49  36  39   7  40   0   289   0   0   0  19   21
armstrong,hilton  gsw PF  3   16    1    1   0   0   0    2   4   11    0   0   0   1   1   0     2   0   0   0   0    8
artest,ron        nyk SF 22  342   51  127  14  46  10   14  14   46   15  23  14   7  39   0   126   1   0   0   1  -34
arthur,darrell    den PF 25  450   64  142   0   3  14   16  20   75   21  10  18  17  62   1   142   0   0   0   0   57
asik,omer         hou  C 17  309   25   53   0   0  25   39  28  115    7   4  20   7  34   1    75   0   0   0   8   22
augustin,d.j.     chi PG 15  217   20   65   9  36  14   14   0    9   39   6  17   0  23   0    63   0   0   0   2  -68
ayon,gustavo      atl PF  9  144   18   31   0   0   3    4  10   38    7   6   5   4  19   0    39   0   0   0   2  -20
ayres,jeff        san PF 25  312   26   57   0   0   6   11  22   81   16   7  23   6  48   0    58   0   0   0   4   47
barea,j.j.        min PG 27  506   85  222  25  79  17   25   5   54  100  11  34   0  37   0   212   0   0   0   0   -3
bargnani,andrea   nyk PF 25  786  147  333  24  81  51   63  44  135   34  11  32  33  61   1   369   3   0   0  23  -76
barnes,harrison   gsw SF 23  763  115  249  22  56  41   59  16   97   42  25  36   4  56   0   293   0   0   0  15  -56
barnes,matt       lac SF  8  160   13   38   4  16  17   20   8   34   13   8  10   1  23   0    47   0   0   0   0   -2
barton,will       por SG  8   39    5   15   0   4   2    2   1    7    8   2   4   0   5   0    12   0   0   0   0    5
bass,brandon      bos PF 27  792  115  248   1   2  72   85  45  172   35  16  31  32  74   0   303   1   0   0  25  -71
battier,shane     mia SF 25  508   38   99  24  76   7    9   8   44   13  12   1  17  50   0   107   0   0   0  20  109
batum,nicolas     por SF 27  963  134  285  61 151  53   66  38  171  140  29  72  17  54   0   382   0   0   0  27  222
bayless,jerryd    mem PG 23  488   61  178  13  57  34   42   7   48   47  18  16   4  53   1   169   1   0   0   5  -39
baynes,aron       san PF 14  133   19   49   0   0   4    5  15   41    9   0  10   0  19   0    42   0   0   0   1   -8
bazemore,kent     gsw SG 22  136   17   44   5  17  12   22   2   22    8   6  18   3  24   0    51   0   0   0   0  -89
beal,bradley      was SG 15  582  114  274  42  91  34   41  14   65   46  14  38   3  34   0   304   0   0   0  15   33
beasley,michael   mia SF 14  249   65  119   9  18  20   26  12   56    9   6  16   7  25   0   159   0   0   0   0   51
belinelli,marco   san SG 26  577  103  199  42  79  18   22   4   71   50  18  30   2  41   0   266   0   0   0   2  121
bennett,anthony   cle PF 20  202   18   65   4  23   3    8  12   39    4   8  12   2  28   0    43   0   0   0   0  -31
beverley,patrick  hou PG 25  774   84  201  35 104  28   37  37   94   54  31  28  10  64   1   231   3   0   0  23   93
biedrins,andris   uta  C  6   44    1    1   0   0   1    6   2   17    0   0   2   0   6   0     3   0   0   0   0    2
billups,chauncey  det PG 12  236   19   59  11  36  10   12   3   24   35   7  17   1  17   0    59   1   0   0   7   -4
biyombo,bismack   cha PF 23  436   33   49   0   0  19   40  36  148    2   2  16  24  40   0    85   1   0   0   9  -56
blair,dejuan      dal  C 26  555   96  181   0   2  25   46  69  189   34  33  37   7  89   0   217   0   0   0   8   27
blake,steve       lal PG 21  667   72  181  40 100  21   26   4   69  162  18  52   1  35   0   205   0   0   0  21 -126
blatche,andray    bro PF 26  593  119  251   6  19  62   86  49  154   35  26  46  12  54   0   306   1   0   0   5  -10
bledsoe,eric      pho PG 19  652  124  257  23  70  85  108   9   80  119  31  65   5  46   0   356   1   0   0  17  -11
bogans,keith      bos SG  4   28    0    2   0   2   0    0   0    1    0   1   1   0   1   0     0   0   0   0   0   -7
bogut,andrew      gsw  C 26  723   91  147   0   0  17   41  64  266   45  20  47  46  85   2   199   4   0   0  26   65
bonner,matt       san PF 19  233   24   51  16  36   0    0   1   24   18   3   8   2  21   0    64   0   0   0   0   59
booker,trevor     was PF 16  325   49   94   0   1   8   15  40   96   19  10  13   8  34   0   106   1   0   0   8  -40
boozer,carlos     chi PF 25  766  153  343   0   0  62   76  59  227   42  18  61  13  75   0   368   2   0   0  25  -29
bosh,chris        mia PF 25  714  141  268  15  45  78   99  26  156   23  22  35  27  73   1   375   2   0   0  25  149
bradley,avery     bos PG 27  822  155  345  29  74  25   34  23  107   36  29  48   6  79   3   364   0   0   0  27   -2
brand,elton       atl PF 19  220   22   44   0   0  12   18  13   67   11   6   9  17  30   0    56   0   0   0   0   39
brewer,corey      min SF 27  905  123  290  29 107  57   76  24   77   40  44  45   9  67   0   332   0   0   0  27  118
brewer,ronnie     hou SF 12   51    2    6   1   3   0    2   1    4    6   2   0   0   1   0     5   0   0   0   0  -29
brooks,aaron      hou PG 22  352   54  133  24  54  19   23  11   34   42  20  31   2  35   0   151   0   0   0   0  -13
brooks,marshon    bos SG  8   51    7   18   1   2   8   10   1    9    3   1   6   0   3   0    23   0   0   0   0    5
brown,lorenzo     phi PG 13  141   18   54   1  16   4    4   5   10   24  10  11   3  13   0    41   0   0   0   0  -21
bryant,kobe       lal SG  6  177   31   73   3  16  18   21   2   26   38   7  34   1   9   0    83   0   0   0   6  -32
bullock,reggie    lac SG 17  176   17   45   8  28   4    5   4   23    4   1   6   1  10   0    46   0   0   0   0   58
burke,trey        uta PG 17  495   83  215  24  70  28   31   8   60   85  11  23   1  30   0   218   0   0   0  15  -56
burks,alec        uta PG 29  793  137  316  18  53  81  109  29   85   76  24  52   7  68   0   373   0   0   0   3 -117
butler,caron      mil SF 12  352   55  143  24  65  24   29   9   67   18  12  24   1  25   0   158   0   0   0  10 -106
butler,jimmy      chi SG 14  415   47  115  14  40  47   61  16   53   18  24  18  10  14   0   155   0   0   0  14   15
butler,rasual     ind SG 11   73   11   19   8  14   0    0   2    6    2   0   2   2   6   0    30   0   0   0   0  -17
buycks,dwight     tor PG 12  122   14   41   5  15   8    9   3   20   10   6   6   0  10   0    41   0   0   0   0    3
bynum,andrew      cle  C 21  414   74  174   0   0  31   40  41  111   24   5  26  25  24   0   179   0   0   0  16  -99
bynum,will        det PG 13  218   35   83   4  10  23   33   4   21   34  12  21   2  27   0    97   0   0   0   3   -7
calathes,nick     mem SG 19  257   20   52   1   6  12   24   3   23   50   7  27   2  30   0    53   0   0   0   0  -42
calderon,jose     dal PG 25  774  111  232  70 144  17   19   7   49  116  22  33   1  47   0   309   0   0   0  25  -14
caldwell-pope,ke  det SG 26  617   72  193  25  78  20   25  13   61   23  25  10   2  51   0   189   0   0   0  21   22
carroll,demarre   atl SF 27  825   91  210  28  88  43   54  37  156   46  36  28   7  65   0   253   1   0   0  27   34
carter,vince      dal SG 25  611   92  238  35 101  40   50  24   89   70  19  39  12  61   0   259   0   0   0   0  -18
carter-williams   phi PG 16  587  100  246  22  70  58   86  27   90  120  50  58  12  44   1   280   1   0   0  16  -56
casspi,omri       hou SF 26  556   78  182  29  81  36   49  19  100   36  25  34   9  49   0   221   0   0   0   0  111
chalmers,mario    mia PG 24  651   72  163  33  80  40   53  11   58  114  46  52   8  67   0   217   2   0   0  24   87
chandler,tyson    nyk  C  5  144   15   24   0   0   8   11  20   45    6   5   8  13  13   0    38   1   0   0   5    5
chandler,wilson   den SG 19  556   84  195  30  88  26   37  18   88   35  18  17  12  50   0   224   0   0   0  16   18
childress,josh    nor SF  4   24    0    0   0   0   0    0   0    3    2   1   1   0   1   0     0   0   0   0   0   11
christmas,dionte  pho SG 13   96   10   27   4  13   3    4   4   17    1   2   3   0   9   0    27   0   0   0   0   15
clark,earl        cle SF 22  380   53  122  27  59   5   10  10   68    7  12  17   8  36   0   138   0   0   0   9  -34
clark,ian         uta SG  8   71    9   26   3  11   1    3   1    7    5   1   4   1   9   0    22   0   0   0   0   54
claver,victor     por SF  3    3    0    0   0   0   0    0   0    0    0   0   1   0   0   0     0   0   0   0   0   -1
cole,norris       mia PG 26  627   76  163  18  46  14   18   4   69   89  21  43   4  45   0   184   0   0   0   2  146
collison,darren   lac PG 27  474   68  162  15  42  52   62  15   62   49  22  34   7  46   0   203   0   0   0   1   18
collison,nick     okl PF 24  419   40   77   1   7  22   30  26   82   21   9  22  12  59   0   103   0   0   0   0  140
conley,mike       mem PG 23  780  160  334  32  93  66   79   9   47  143  29  44   6  48   1   418   0   0   0  23  -44
copeland,chris    ind SF 12   80   12   31  10  25   2    2   0    4    5   1   3   2   9   0    36   1   0   0   0    1
cousins,demarcus  sac  C 24  745  202  403   0   4 144  195  65  257   78  43  84  24  95   2   548   7   0   0  24  -23
crabbe,allen      por SG  7   32    6   12   4   5   3    4   0    1    3   1   3   0   1   0    19   0   0   0   0    3
crawford,jamal    lac SG 27  763  149  354  52 150  84  101  11   64   70  21  55   4  36   0   434   1   0   0   3   60
crawford,jordan   bos SG 27  823  132  303  38 107  73   84  12   88  148  25  55   2  50   0   375   2   0   0  23    9
crowder,jae       dal SF 26  463   56  127  24  68  12   16  12   71   25  18  19   9  32   0   148   1   0   0   2   89
cunningham,dante  min PF 27  540   71  161   0   2   4    8  46  116   30  22  10  18  47   0   146   1   0   0   0  -48
cunningham,jared  atl SG  3    9    0    0   0   0   0    0   0    1    1   0   1   0   0   0     0   0   0   0   0    1
curry,stephen     gsw PG 24  896  205  443  81 196  98  111  13   99  222  46 101   7  65   1   589   0   0   0  24  147
dalembert,samuel  dal  C 25  533   63  110   0   1  38   49  56  158   12  18  27  33  63   0   164   0   0   0  17    8
datome,luigi      det SF 13   86   13   43   4  23   2    2   3   14    2   2   4   1  12   0    32   0   0   0   0   22
davies,brandon    phi PF 24  289   22   61   0   3  15   22  18   51   17  12  16   4  43   0    59   0   0   0   0  -56
davis,anthony     nor PF 17  569  122  243   0   0  81   98  65  175   25  29  24  57  52   0   325   0   0   0  16   34
davis,ed          mem PF 19  309   52   97   0   0  17   31  28   74   10   4  15  16  36   0   121   0   0   0   2  -54
davis,glen        orl PF 15  467   83  182   2   3  28   42  29   99   26  20  26   9  48   1   196   1   0   0  13  -32
daye,austin       tor PF  6   28    2   10   0   6   2    3   2    5    2   0   0   0   4   0     6   0   0   0   0   -8
decolo,nando      san PG 10   79    8   20   4  11   0    1   2   15   13   5  10   0   7   0    20   0   0   0   0  -31
dedmon,dewayne    gsw  C  3    5    0    0   0   0   1    2   0    0    0   0   0   0   1   0     1   0   0   0   0    6
dellavedova,matt  cle SG 18  249   24   50  11  26   7   10   6   25   20  11   8   1  24   0    66   0   0   0   3   46
deng,luol         chi SF 20  769  143  312  16  57  89  111  32  140   81  19  51   4  50   0   391   0   0   0  20   30
derozan,demar     tor SG 24  928  185  430  28  87 118  147  12   97   81  27  57  13  52   0   516   1   0   0  24   16
diaw,boris        san PF 25  593  105  195  10  38  22   31  16   82   53  13  36  12  40   0   242   0   0   0   6  147
dieng,gorgui      min  C 15   91    9   22   0   0   5   13  10   31    7   4   9  12  21   0    23   0   0   0   0  -32
douglas,toney     gsw PG 13  160   22   54  15  37   3    3   4   16   13   4  11   0  19   0    62   0   0   0   0  -22
douglas-roberts   cha SF  1   16    1    1   0   0   0    0   0    0    0   0   0   0   0   0     2   0   0   0   0   -2
dragic,goran      pho PG 22  781  144  297  28  78 101  128  14   64  131  24  57   6  52   0   417   1   0   0  21  103
drummond,andre    det  C 28  929  168  273   0   1  38  101 150  358    8  44  39  44  89   1   374   1   0   0  28  -48
dudley,jared      lac SG 27  792   94  209  38 104  17   24  15   55   45  17  28   3  73   0   243   0   0   0  27   61
duncan,tim        san PF 23  648  127  275   0   2  68   88  49  208   72  11  45  40  35   0   322   2   0   0  23  101
dunleavy,mike     chi SG 25  709   94  219  40 103  35   41   7   99   52  14  28   7  48   0   263   0   0   0   7  -14
durant,kevin      okl SF 25  947  230  466  45 106 213  242  20  205  122  40  82  24  52   0   718   2   0   0  25  164
ellington,wayne   dal SG 16  141   18   49   6  21   4    5   3   11    7   6   2   2  11   0    46   0   0   0   0   17
ellis,monta       dal PG 26  952  198  421  20  56 125  148  14   87  149  45  87   4  67   0   541   2   0   0  26    1
evans,jeremy      uta SF 16  336   54  106   0   0  15   19  40   97   17  10  13  14  44   1   123   0   0   0   2  -67
evans,reggie      bro PF 18  238   11   31   0   0  16   28  25   83    2   3  19   2  34   0    38   1   0   0   5  -26
evans,tyreke      nor PG 22  541   91  225   2  22  71   89  20  103   82  27  45   8  49   0   255   0   0   0   0    2
faried,kenneth    den SF 25  607  107  199   0   3  38   66  81  209   19  17  26  21  46   0   252   0   0   0  23   -5
farmar,jordan     lal PG 18  341   63  144  22  56  17   22  13   53   80  12  37   4  27   0   165   0   0   0   0   56
faverani,vitor    bos  C 27  399   53  118  11  33  20   33  36  110   13   9  33  25  60   0   137   0   0   0   8  -59
favors,derrick    uta PF 27  853  144  280   0   1  73  111  77  246   35  30  55  41  92   1   361   0   0   0  27 -188
felix,carrick     cle SG  3   15    1    4   0   1   2    2   1    2    1   0   2   0   1   0     4   0   0   0   0   -3
felton,raymond    nyk PG 16  520   67  170  17  61  14   18  13   39   83  15  32  10  40   0   165   0   0   0  16  -37
fields,landry     tor SF 18  258   20   56   0   5  14   22  14   50   17   7   7   2  24   0    54   0   0   0   1  -16
fisher,derek      okl PG 24  327   23   70   7  35  15   16   4   30   26  15  11   0  35   0    68   0   0   0   0   54
fournier,evan     den SG 22  265   34   93  11  32  10   17   7   31   17   2  15   3  38   1    89   0   0   0   0   10
foye,randy        den PG 25  629   79  210  43 123  37   45   2   54   52  18  29  12  63   0   238   0   0   0  25    5
franklin,jamaal   mem SG 11  108   10   26   3   7   2    2   2   18    4   4   5   1  15   0    25   0   0   0   0   11
fredette,jimmer   sac PG 13  131   21   53   7  14   7    7   2   19   14   6  10   0   7   0    56   0   0   0   0  -54
freeland,joel     por PF 26  388   36   78   0   2  14   16  44   94   24   6  25  15  48   0    86   1   0   0   0   28
frye,channing     pho PF 25  675  104  219  48 112  19   24  21  130   23  23  27  19  79   0   275   0   0   0  25   99
garcia,francisco  hou SG 26  538   65  165  39 113   7   10  12   68   27  17  18  22  53   1   176   1   0   0   2   22
garnett,kevin     bro PF 23  510   69  182   0   3  11   15  28  166   42  19  25  17  69   1   149   3   0   0  23  -77
garrett,diante    uta SG 20  294   27   71   7  19   4    4   7   24   51  15  26   0  12   0    65   0   0   0   0  -24
gasol,marc        mem  C 13  449   77  168   0   1  54   61  20   92   56  12  22  14  33   0   208   0   0   0  13  -14
gasol,pau         lal PF 26  791  161  359   4  10  63   85  45  245   82   8  64  34  53   0   389   0   0   0  26 -104
gay,rudy          sac SF 23  808  164  399  23  68  89  116  31  149   55  39  77  28  57   1   440   0   0   0  23  -51
gee,alonzo        cle SG 25  507   37   91   9  30  15   18  13   70   16  22  23   4  43   0    98   0   0   0  16 -107
george,paul       ind SG 26  959  209  454  68 167 134  156  16  155   94  54  70   8  61   0   620   2   0   0  26  262
gibson,taj        chi PF 25  673  118  246   0   2  53   74  60  163   20   8  45  31  61   0   289   2   0   0   1   27
ginobili,manu     san SG 25  580  110  228  35  97  33   37  13   95  117  24  51   4  46   0   288   0   0   0   0  205
gobert,rudy       uta  C 17  183   12   30   0   0  14   33  29   78    3   4  19  14  31   1    38   0   0   0   0   -2
gomes,ryan        okl SF  4   27    2    6   0   2   0    0   0    3    1   0   1   0   5   0     4   0   0   0   0    1
goodwin,archie    pho SG 24  256   35   82   2  22  10   17   7   42    8   9  21   8  17   0    82   0   0   0   0  -15
gordon,ben        cha SG 12  193   26   72   4  17  15   19   1   19   16   7  13   1  10   0    71   0   0   0   0    5
gordon,eric       nor SG 24  767  132  310  36  93  66   84  12   64   76  38  47   6  38   0   366   0   0   0  24  -18
gortat,marcin     was  C 24  827  131  253   1   1  44   62  50  215   40  10  41  36  58   0   307   1   0   0  23   56
granger,danny     ind SF  1   22    1    7   1   4   2    2   0    2    2   1   5   1   1   0     5   0   0   0   0   12
gray,aaron        sac  C  6   39    5    9   0   0   2    4   9   17    3   0   6   0  12   0    12   0   0   0   0  -10
green,danny       san SG 26  584   72  169  41 101   7    9   6   79   33  30  28  22  35   0   192   0   0   0  25  116
green,draymond    gsw SF 27  547   48  120  22  58  16   32  18  117   38  26  29  19  66   0   134   4   0   0   0   71
green,gerald      pho SG 25  661  110  256  59 158  35   45  12   74   36  13  45  14  69   2   314   1   0   0  12   12
green,jeff        bos PF 27  910  154  340  40  98  95  121  20  123   44  11  51  11  48   0   443   0   0   0  27  -11
green,willie      lac SG 15  279   29   84  13  39  11   14   3   22   12   4   9   5  23   0    82   0   0   0   7    4
griffin,blake     lac PF 27  984  211  408   5  13 123  184  60  279   84  27  73  19  95   2   550   5   0   0  27  125
hamilton,jordan   den SG 22  401   70  163  34  88  16   19  14   90   21  19  20   5  19   0   190   0   0   0   7    5
hansbrough,tyler  tor PF 22  412   35   80   0   1  57   78  52  119    7   9  19   8  50   0   127   1   0   0   3   24
hardaway,tim      nyk SG 24  420   72  152  32  75  19   23   6   30   23  12  14   4  30   0   195   0   0   0   0  -38
harden,james      hou SG 23  887  168  381  45 147 168  198  21  105  129  34  93  11  60   0   549   0   0   0  23  137
harkless,maurice  orl SF 25  563   64  148  15  42  26   51  25   79   18  26  26  18  54   0   169   0   0   0  13 -102
harrellson,josh   det PF 19  184   27   55   8  20   2    2  21   45    9   4   6   9  23   0    64   1   0   0   0   27
harrington,al     was PF  7  129   19   52  12  28   5    7   0   10    7   4   9   0  16   0    55   0   0   0   0  -57
harris,elias      lal SF  2   12    0    1   0   0   0    0   1    1    1   1   0   0   0   0     0   0   0   0   0   -6
harris,mike       uta SF 20  224   29   61   0   2  26   27  15   33    5  16  11   7  36   2    84   0   0   0   0   14
harris,tobias     orl SF  5  108   15   45   2  13  11   14   4   27    5   1   4   0  10   0    43   0   0   0   1   -3
haslem,udonis     mia PF 15  171   15   33   0   0   8   14   7   30    2   2   8   3  27   1    38   0   0   0   6  -41
hawes,spencer     phi  C 25  808  140  289  43 101  41   56  40  224   79  12  56  39  70   0   364   3   0   0  25 -140
hayes,chuck       tor PF 17  181   14   33   0   0   5    7  20   47    6  11   7   2  18   0    33   0   0   0   1    6
hayward,gordon    uta SF 29 1042  171  427  28 108 111  134  27  151  133  35  81  16  62   0   481   0   0   0  29 -217
henderson,gerald  cha SG 27  883  149  357   8  31 101  129  19  127   71  26  47  12  62   0   407   1   0   0  27   -1
henry,xavier      lal SG 26  545   87  202  18  49  69  110  14   69   30  28  34   4  46   0   261   1   0   0   3   64
henson,john       mil PF 26  749  138  262   0   1  49   79  61  207   47  20  40  56  60   0   325   1   0   0  13 -162
hibbert,roy       ind  C 26  796  120  256   1   3  83  107  82  220   33   9  52  73  82   1   324   0   0   0  26  232
hickson,j.j.      den PF 25  624  117  232   0   1  51   90  74  216   25  15  40  21  60   0   285   0   0   0  22  -54
hilario,nene      was  C 17  546   96  185   0   1  61   95  19  102   48  19  29  17  52   0   253   2   0   0  16   50
hill,george       ind PG 23  740   86  210  34  87  48   59  15   84   87  24  35  13  45   0   254   1   0   0  23  184
hill,jordan       lal  C 26  544   98  165   0   0  44   64  79  203   26   7  25  23  62   1   240   0   0   0  15  -56
hill,solomon      ind SF 16  146    8   24   4  17   4    5   8   26    9   2   8   2  11   0    24   0   0   0   0    0
hinrich,kirk      chi SG 21  678   58  172  23  79  41   50   9   67  109  26  48   7  64   1   180   2   0   0  11  -28
holiday,jrue      nor PG 24  824  148  326  24  62  43   50  24  104  194  38  77  10  69   0   363   0   0   0  24   47
hollins,ryan      lac  C 24  205   22   33   0   0  14   25  12   40    1   2  16   9  40   1    58   0   0   0   0   48
horford,al        atl PF 27  884  219  390   2   9  52   79  60  225   68  26  61  41  51   0   492   1   0   0  27   72
howard,dwight     hou  C 27  904  168  290   1   3 141  252  96  350   45  22  86  52  95   0   478   5   0   0  27   61
hummel,robbie     min SF 20  241   26   67  12  37   5    5  15   58    8   7   3   1  24   0    69   0   0   0   2   19
humphries,kris    bos PF 20  308   47   87   0   1  20   23  21   87   13   5  17  16  29   0   114   0   0   0   0   41
ibaka,serge       okl PF 25  812  150  292   4  13  52   66  67  230   24   8  37  59  70   0   356   0   0   0  25  114
iguodala,andre    gsw SG 15  531   64  118  23  51  25   41   8   60   86  27  37   4  31   0   176   0   0   0  15  147
ilyasova,ersan    mil SF 18  495   59  154   8  37  22   28  24   83   30  19  30   4  44   0   148   0   0   0  10  -94
irving,kyrie      cle PG 25  869  199  478  42 128 105  128  15   77  150  26  75   9  59   0   545   0   0   0  25  -95
jack,jarrett      cle PG 25  676   98  229  25  63  36   41   6   71   93  19  48   9  33   0   257   1   0   0   0 -107
jackson,reggie    okl PG 25  619  123  254  19  60  41   43   9   96   85  22  51   2  31   0   306   0   0   0   3  192
jackson,stephen   lac SG  5   70    4   17   0   9   2    4   1    6    2   4   3   1   6   0    10   0   0   0   0   26
james,bernard     dal  C 12   90    8   18   0   1   6    7  10   29    1   1   5   4  12   0    22   0   0   0   0  -14
james,lebron      mia SF 26  920  236  393  31  75 145  185  23  177  171  38  94   9  39   0   648   0   0   0  26  143
james,mike        chi PG  7   37    1   10   0   2   0    0   0    3    6   1   1   0   8   0     2   0   0   0   0   -4
jamison,antawn    lac PF 12  158   19   57   7  23   8   15   6   37    3   5   6   2  22   0    53   0   0   0   0   63
jefferson,al      cha  C 18  572  123  277   0   0  43   65  48  172   35  18  18  25  52   1   289   0   0   0  18   15
jefferson,richar  uta SF 29  766   98  227  37  93  46   57  10   82   49  19  43   7  59   0   279   1   0   0  29 -214
jenkins,john      atl SG 13  157   16   42   4  18   4    4   3   22   11   1  11   1  11   0    40   0   0   0   0  -26
jennings,brandon  det PG 26  967  165  413  50 135  83  109  22   90  205  41  86   3  52   0   463   0   0   0  25  -36
jerebko,jonas     det PF 19  154   24   49   7  18  12   16   8   29    9   4  16   2  20   0    67   0   0   0   0  -31
johnson,amir      tor PF 24  720  122  201   7  26  33   44  60  168   30  17  35  25  94   2   284   1   0   0  21   67
johnson,james     mem PF  2   24    3    6   3   4   4    4   0    2    2   1   1   0   1   0    13   0   0   0   0  -18
johnson,joe       bro SG 25  854  149  334  57 133  58   71  16   84   69  12  28   7  47   0   413   0   0   0  25  -80
johnson,orlando   ind SG 24  311   29   84   8  38  16   18   6   43   15   6  12   1  18   0    82   0   0   0   0    8
johnson,wesley    lal SG 26  679   84  197  34  87  11   14  20   93   43  31  26  36  72   1   213   0   0   0  17  -78
jones,james       mia SF  9   63    8   21   8  16   4    7   0    5    4   1   1   1   0   0    28   0   0   0   3   17
jones,perry       okl SF 17  154   25   45   6  12   4   10   8   30    5   4   7   6   8   0    60   0   0   0   0   38
jones,solomon     orl PF 10   82    6   16   0   0   2    4   8   16    2   2   2   2  12   0    14   0   0   0   0  -23
jones,terrence    hou PF 24  589   91  188  14  42  32   54  40  156   26  13  24  31  48   0   228   0   0   0  19   69
jordan,deandre    lac  C 27  944  107  165   0   0  52  129 110  351   21  28  42  59  91   0   266   1   0   0  27   71
joseph,cory       san PG 19  163   25   52   2   4  21   28   8   20   19   3  14   0  19   0    73   0   0   0   2  -39
kaman,chris       lal  C 14  236   53  106   0   0   8   11  19   69   14   4  24  12  31   0   114   0   0   0   3  -26
kanter,enes       uta  C 28  760  138  293   0   0  45   60  67  168   22   9  55  22  85   1   321   0   0   0  18 -276
karasev,sergey    cle SG 12  108    8   25   4  14   9   10   0   13    4   2   7   1  13   0    29   0   0   0   1  -34
kelly,ryan        lal SF  4   19    3    7   2   5   0    1   3    6    2   0   0   1   3   0     8   0   0   0   0   -1
kidd-gilchrist,m  cha SF 18  482   62  124   0   5  40   60  29   95   13  10  31  13  50   1   164   0   0   0  18  -23
kirilenko,andrei  bro SF  4   53    6   14   0   0  11   19   7   13    4   3   3   0   8   0    23   0   0   0   0   -7
knight,brandon    mil PG 18  500   79  215  22  67  51   60   9   73   70  15  52   3  32   0   231   0   0   0  15 -113
korver,kyle       atl SG 23  777  104  201  68 132  16   19   8   89   59  24  33   8  50   0   292   0   0   0  23   99
koufos,kosta      mem  C 25  543   76  179   0   0  27   39  64  173   19  13  28  28  67   1   179   2   0   0  12  -43
kravtsov,viaches  pho  C 10   32    2    4   0   0   2    4   4    6    0   0   4   0   6   0     6   0   0   0   0  -30
kuzmic,ognjen     gsw  C 10   41    2    7   0   0   1    3   2    5    0   0   8   4  11   0     5   0   0   0   0  -34
lamb,doron        orl SG  9   72    4   14   3  11   2    3   0    2    7   0   4   0   3   0    13   0   0   0   0  -14
lamb,jeremy       okl SG 25  522   98  207  32  80  13   13   8   61   30  16  14   9  53   0   241   0   0   0   0  103
larkin,shane      dal PG 14  185   21   60   4  16   6   10   3   11   28  15  19   0  15   0    52   0   0   0   0   41
lawson,ty         den PG 23  788  133  307  26  72 117  153  16   83  184  28  65   4  35   0   409   0   0   0  23  -13
ledo,ricky        dal SG  6   17    2   10   1   4   2    2   0    2    1   0   2   0   1   0     7   0   0   0   0   -3
lee,courtney      bos SG 24  399   72  139  18  37  16   18   6   35   22  14  20   5  31   1   178   0   0   0   0   -9
lee,david         gsw PF 27  920  186  375   0   1 108  133  78  268   56  17  61   9  75   2   480   0   0   0  27  133
len,alex          pho  C  4   31    3    7   0   0   1    2   5    7    1   2   3   2   8   0     7   0   0   0   0  -13
leonard,kawhi     san SF 26  744  135  266  20  65  29   39  35  160   44  48  30  10  50   0   319   0   0   0  25   50
leonard,meyers    por  C  6   42    4    8   0   0   6    6   7   12    1   1   1   1  11   0    14   0   0   0   0    3
leuer,jon         mem PF 16  323   65  127  13  23  15   17  22   77   10   8  13   7  31   0   158   0   0   0   0  -24
lewis,rashard     mia PF 25  478   39   96  22  62   9   13  12   58   31  28  15   5  44   0   109   0   0   0   1   79
lillard,damian    por PG 27  971  177  435  83 194 137  153  12  101  158  22  60  10  67   0   574   1   0   0  27  167
lin,jeremy        hou PG 18  517   81  163  24  64  72   90   3   44   75  21  51   8  42   0   258   0   0   0   8    1
livingston,shaun  bro PG 26  583   58  128   1   3  43   51  20   63   85  22  31  10  46   0   160   1   0   0   8  -49
lopez,brook       bro  C 17  533  129  229   0   1  94  115  39  102   16   9  28  30  52   0   352   0   0   0  17  -23
lopez,robin       por  C 27  818  101  188   0   0  50   63 105  226   22  11  29  39  72   1   252   1   0   0  27  138
love,kevin        min PF 26  944  216  481  65 170 158  191 100  355  108  21  66  10  46   0   655   1   0   0  26  183
lowry,kyle        tor PG 24  878  117  280  51 143  66   80  22   90  163  41  58   4  82   1   351   2   0   0  24   34
lucas,john        uta PG 22  404   44  133  18  56   7    9   7   24   32   9  14   0  23   0   113   0   0   0   6 -142
mack,shelvin      atl PG 21  366   58  123  14  38  13   16   3   34   69  14  16   0  31   1   143   0   0   0   0   69
mahinmi,ian       ind  C 25  384   21   52   0   0  28   42  27   71    4  11  21  23  68   0    70   0   0   0   0  -35
marion,shawn      dal SF 26  842  121  269  21  64  30   38  42  190   44  35  35  20  49   0   293   0   0   0  26  -78
marshall,kendall  lal PG  1    1    0    0   0   0   0    0   0    0    0   0   0   0   0   0     0   0   0   0   0   -1
martin,cartier    atl PF 23  421   52  130  32  80  23   28   3   48   18  13  19   4  38   0   159   0   0   0   2  -40
martin,kenyon     nyk PF 19  372   32   62   0   1   8   15  21   82   32  19  11  17  46   0    72   3   0   0  11   30
martin,kevin      min SG 25  844  161  393  52 131 135  145  14   84   53  33  38   1  42   0   509   2   0   0  25   68
mason,roger       mia SG 11  124   17   37  11  24   3    3   1   11    9   4   7   1  13   0    48   0   0   0   1   -4
matthews,wesley   por SG 27  919  152  304  69 156  64   79  20  112   53  25  33   4  53   0   437   2   0   0  27  181
maxiell,jason     orl PF 19  322   37   76   0   0   9   19  16   52    4   4   7  13  32   0    83   0   0   0  11  -60
maynor,eric       was PG 20  197   21   68   8  23   2    3   7   24   38   5  17   1  11   0    52   0   0   0   0 -109
mayo,o.j.         mil SG 25  777  127  324  43 115  57   63  14   74   71  16  62   6  65   0   354   3   0   0  23 -224
mbah_a_moute,luc  min SF 19  368   33   68   2   5  15   25  20   58   21  16  13   7  27   1    83   0   0   0   6  -15
mccallum,ray      sac PG  6   16    1    7   0   3   0    0   0    2    1   0   2   0   1   0     2   0   0   0   0    7
mcgee,javale      den  C  5   80   17   39   0   0   1    1  10   17    2   1   8   7  16   0    35   0   0   0   5   -5
mclemore,ben      sac SG 25  650   83  224  35 102  32   40  19   80   28  17  28   4  56   0   233   0   0   0  19  -64
mcroberts,josh    cha PF 26  765   82  190  28  84  21   32  33  144  113  25  29  13  69   0   213   2   0   0  26   42
meeks,jodie       lal SG 26  768  115  246  53 127  43   52  12   68   27  23  31   1  36   0   326   0   0   0  19  -72
mekel,gal         dal PG 20  230   27   70   5  17   8   10   2   19   42   4  24   1  21   0    67   0   0   0   1   11
middleton,khris   mil SF 26  740  110  247  35  72  34   40  14  105   40  21  33   8  73   1   289   0   0   0  19  -45
miles,c.j.        cle SG 21  392   68  163  29  81  17   18   8   42   23  16  19   9  40   0   182   0   0   0  12   -4
miller,andre      den PG 25  491   58  126   9  16  31   41  14   64   87  13  30   4  26   0   156   1   0   0   2   38
miller,darius     nor SF  4   36    1    7   0   4   0    0   0    3    3   0   0   0   4   0     2   0   0   0   0  -11
miller,mike       mem SF 25  597   63  141  37  83  13   15  12   85   42   9  28   0  41   0   176   0   0   0   1 -115
miller,quincy     den SF  4    9    2    5   1   1   0    2   0    1    0   0   1   1   1   0     5   0   0   0   0    2
mills,patty       san PG 26  442   79  167  36  83  24   30   9   38   39  30  19   2  32   0   218   0   0   0   1  110
millsap,paul      atl PF 26  837  163  331  23  56  77  116  50  212   72  43  54  26  73   1   426   1   0   0  25   60
mitchell,tony     det PF  9   37    3    5   1   1   2    6   7   11    1   1   2   2   2   0     9   0   0   0   0   -7
mohammed,nazr     chi  C 24  196   13   37   0   0   6   11  27   55    8   6  15  10  26   0    32   0   0   0   1   -2
monroe,greg       det  C 28  952  167  326   0   0  80  127  88  248   60  32  69  19  72   0   414   2   0   0  28    4
moore,e'twaun     orl SG 26  542   62  150  22  58  18   20  13   50   43  21  19   3  33   0   164   0   0   0   3  -44
morris,darius     phi PG 12  193   29   67  10  24  15   21   3   13   31   8  19   0  21   0    83   0   0   0   0  -33
morris,marcus     pho PF 25  575   98  212  34  82  39   51  27  115   23  24  31   7  50   0   269   1   0   0   0   94
morris,markieff   pho PF 24  622  114  232   8  21  77   99  44  145   40  24  42  11  58   0   313   4   0   0   0   32
morrow,anthony    nor SG 24  396   61  133  27  58  15   19   5   33   15  13  11   4  28   0   164   0   0   0   2  -39
motiejunas,donat  hou PF 13  100   14   40   2  14  10   19   5   20    1   1   5   3  12   0    40   0   0   0   0  -24
mozgov,timofey    den  C 25  465   72  140   0   3  59   82  50  149   11   7  41  30  63   1   203   1   0   0   0   60
muhammad,shabazz  min SF  8   34    2   13   1   3   3    4   3    8    0   0   2   0   2   0     8   0   0   0   0  -17
mullens,byron     lac  C 16  127   19   45   8  29   1    4   6   22    6   5   9   3  27   0    47   1   0   0   0  -36
murphy,erik       chi PF 12   35    1    7   0   1   0    0   1    4    0   0   2   1   3   0     2   0   0   0   0  -26
murry,toure'      nyk SG 10   43    8   19   0   0   2    4   1    6    4   3   4   0   7   0    18   0   0   0   0   -3
nash,steve        lal PG  6  134   12   46   5  13  11   12   2    9   29   2  12   1  11   0    40   0   0   0   6  -37
ndiaye,hamady     sac  C 14   76    3    9   0   0   0    1   5   18    3   0   3   4  15   0     6   0   0   0   0  -27
neal,gary         mil PG 20  423   72  187  33  74  33   39   4   39   35   3  27   0  18   0   210   0   0   0   2  -96
nedovic,nemanja   gsw SG 19  128    7   32   2  15   5    6   2   13   12   0  12   1  13   0    21   0   0   0   0  -71
nelson,jameer     orl PG 23  764  106  270  53 143  35   41  10   81  140  21  63   3  51   1   300   1   0   0  23   -7
nicholson,andrew  orl PF 26  546   98  201  18  50  31   36  28  136    7   6  26  13  67   0   245   1   0   0   3  -20
noah,joakim       chi  C 24  766   99  208   0   0  57   84  81  229   83  25  43  27  78   2   255   3   0   0  24  -91
novak,steve       tor SF 15  203   19   60  17  49   4    4   3   20    6   4   0   0  14   0    59   0   0   0   0  -14
nowitzki,dirk     dal PF 25  821  193  392  38  92 102  111  12  152   75  27  41  18  58   1   526   3   0   0  25  140
o'neal,jermaine   gsw  C 17  316   38   79   0   0  30   40  23   77    5   8  23  15  41   0   106   3   0   0   1   22
o'quinn,kyle      orl PF 17  173   24   46   0   0  10   12  12   50    9   2  12  11  28   0    58   1   0   0   0   -9
oladipo,victor    orl SG 26  823  122  305  22  79  81  107  15  117   89  44  90  20  73   0   347   0   0   0  16 -107
olynyk,kelly      bos PF 17  349   46  115   6  25  22   23  32   85   25   8  35   5  58   0   120   0   0   0   6  -45
onuaku,arinze     nor PF  3   26    1    4   0   0   1    2   2    7    3   0   1   0   3   0     3   0   0   0   0   -6
orton,daniel      phi  C 19  209   18   40   0   0  19   25  12   51   13   5  17  11  31   0    55   2   0   0   4  -35
outlaw,travis     sac SF 22  367   42  106  12  37  22   24  16   71   12  10   8   8  35   0   118   0   0   0   0   -5
pachulia,zaza     mil  C 17  427   38  105   0   1  42   45  47  111   30  16  29   5  43   0   118   0   0   0  11  -52
pargo,jannero     cha PG  4   18    4   10   1   4   1    3   0    0    1   1   5   0   2   0    10   0   0   0   0  -10
parker,tony       san PG 23  696  169  329  11  27  54   75   3   58  140  10  55   1  24   0   403   0   0   0  23  135
parsons,chandler  hou SF 25  924  164  316  42 103  55   80  21  124   95  30  52  15  65   1   425   0   0   0  25   78
patterson,patric  tor PF 21  506   60  143  11  43  15   23  40  116   18  14  19   6  47   0   146   0   0   0   6  -29
paul,chris        lac PG 26  895  169  363  33  96 137  157  16  123  293  61  65   3  69   1   508   2   0   0  26  137
pekovic,nikola    min  C 27  894  183  350   0   0  89  125 109  238   27  14  45  10  65   0   455   2   0   0  27   64
perkins,kendrick  okl  C 23  421   28   58   0   1  14   22  26   82   31   9  30  12  67   0    70   3   0   0  23   22
pierce,paul       bro SF 21  626   84  202  29  82  80   94   7  113   63  18  55   3  50   0   277   1   0   0  16  -31
plumlee,mason     bro PF 21  351   44   64   0   0  41   66  22   61    9  12  16  11  49   1   129   0   0   0   0  -80
plumlee,miles     pho PF 25  701  107  212   0   0  26   56  68  219   14  17  35  47  69   0   240   0   0   0  25  -15
pondexter,quincy  mem SF 15  270   31   79  11  34  21   26  10   26   21   5  15   1  18   0    94   1   0   0   2 -106
porter,otto       was SF  5   51    2   11   0   2   0    0   4   10    1   0   1   0   5   0     4   0   0   0   0  -11
pressey,phil      bos PG 24  281   17   65   3  22  11   19   6   28   44  18  15   1  23   0    48   0   0   0   0    3
price,a.j.        min PG 10   44    5   14   2   8   0    0   0    5    5   0   4   0   3   0    12   0   0   0   0   -1
price,ronnie      orl PG 16  174   11   36   5  18   3    5   6   27   25  12   8   2  20   0    30   0   0   0   0   -5
prigioni,pablo    nyk PG 24  451   33   75  25  58   2    2   8   45   76  30  18   1  52   0    93   2   0   0   7   -7
prince,tayshaun   mem SF 24  640   63  163   3  15  15   23   9   73   36  13  17   5  18   0   144   0   0   0  24   -6
raduljica,mirosl  mil  C 13  119   19   36   0   0  11   15  16   28    8   0   6   6  21   0    49   0   0   0   1  -26
randolph,anthony  den PF  9  127   13   35   2   8  15   19   6   33    5   8  10   7  17   0    43   0   0   0   2  -11
randolph,zach     mem PF 23  751  144  322   0   6  80  105  61  221   52  15  59   3  66   0   368   0   0   0  23  -71
redick,j.j.       lac SG 17  480   92  200  33  92  51   55   7   38   35  15  17   3  37   0   268   0   0   0  17  112
rice,glen         was SG 11  111   11   37   5  17   5    7   4   20    7   6   9   1   7   0    32   0   0   0   1   13
ridnour,luke      mil PG 16  320   36   97   7  24   6   11   8   29   50  15  19   1  18   0    85   0   0   0   3 -103
rivers,austin     nor SG 17  205   23   64   5  14  20   32   6   18   17   8   9   1  24   0    71   0   0   0   0  -22
roberson,andre    okl SG 11   96    7   13   1   4   3    4  12   24    2   3   7   2  14   0    18   0   0   0   4    4
roberts,brian     nor PG 19  282   37   94  13  36  16   16   2   21   43   6  10   1  34   1   103   0   0   0   0   -3
robinson,nate     den PG 25  511   97  236  31  84  45   53  10   52   65  21  29   3  51   0   270   4   0   0   0   83
robinson,thomas   por PF 27  302   56  125   0   0  28   44  33   96   10   7  17   4  44   0   140   0   0   0   0  -55
rose,derrick      chi PG 10  311   58  164  16  47  27   32   9   32   43   5  34   1  15   0   159   1   0   0  10  -31
ross,terrence     tor SG 24  508   70  168  31  83  19   24  13   68   17  13  23   6  37   1   190   0   0   0   5   23
rubio,ricky       min PG 27  873   83  235  19  53  66   78  21  122  213  75  80   4  71   0   251   0   0   0  27  106
rush,brandon      uta SG 10  138    7   23   4   9   1    1   3   12   10   1  10   4   9   0    19   0   0   0   0  -31
sacre,robert      lal  C 13  169   21   43   0   0  12   18  13   37   11   4   4  16  20   0    54   0   0   0   2   -1
salmons,john      tor SF 22  550   50  142  21  49  10   11   8   57   50  15  16   9  38   0   131   0   0   0   8  -43
sanders,larry     mil  C  3   52    4   16   0   0   0    0   3   11    2   0   3   6   9   0     8   0   0   0   3  -27
schroder,dennis   atl PG 12  161   17   48   1   9   8   12   1   12   30   4  19   0  15   0    43   0   0   0   0  -39
scola,luis        ind PF 26  477  100  187   1   4  32   44  22  117   18  11  43   7  52   0   233   0   0   0   0   26
scott,mike        atl PF 25  345   66  138  12  38  32   40  19   74   20   6  19   2  35   0   176   0   0   0   0  -54
sefolosha,thabo   okl SG 21  551   52  127  12  45  17   20  21   88   30  29  22   8  35   0   133   0   0   0  21   15
seraphin,kevin    was PF 19  167   34   74   0   0  12   13  18   34    5   1  15   7  40   0    80   0   0   0   0   17
sessions,ramon    cha PG 27  582   91  226   7  35 100  130  11   55   78  18  48   4  21   0   289   0   0   0   0  -18
shengelia,tornik  bro SF 11  114    9   22   0   6   3    8   3   13    9   2  10   0  15   0    21   0   0   0   0  -14
shumpert,iman     nyk SG 25  706   56  155  22  68  26   31  25  116   52  32  27   5  75   0   160   1   0   0  25   -9
shved,alexey      min PG 24  240   20   76   8  36  20   27   9   29   23   8  14   6  14   0    68   0   0   0   0  -15
sims,henry        cle  C  6   35    4    9   0   0   2    4   5   17    1   0   3   2   9   0    10   0   0   0   0    9
singler,kyle      det SG 28  631   73  157  23  66  56   68  29   90   16  11  19  12  71   2   225   0   0   0   1  -31
singleton,chris   was SF  7  108   11   31   5  12   7    9   8   25    2   5   8   2  12   0    34   0   0   0   0  -15
siva,peyton       det PG 13   76    2    8   0   2   0    0   1    8    8   3  13   1  11   0     4   0   0   0   0  -14
sloan,donald      ind PG 11   89   11   23   3  11   5    7   1   18   13   5   4   0   7   0    30   0   0   0   0   -1
smith,greg        hou PF  7   63   14   21   0   0   0    1  10   22    0   1   4   1  13   1    28   0   0   0   0  -19
smith,ish         pho PG 14  165   16   49   1   9   3    3   2   18   29  10  12   3  10   0    36   0   0   0   0  -20
smith,j.r.        nyk SG 20  621   78  234  43 128  20   31  17   84   51  20  31   2  55   0   219   0   0   0   6  -18
smith,jason       nor PF 24  675  107  222   0   0  29   38  43  150   20  10  19  27  74   2   243   1   0   0  24   -2
smith,josh        det SF 28 1010  171  419  31 117  56   96  35  182   94  44  69  41  75   1   429   3   0   0  27  -11
snell,tony        chi SF 21  384   40  103  17  55   9   13   8   35   22   7  16   5  14   0   106   0   0   0   8  -78
southerland,jame  cha SF  1    3    0    3   0   1   0    0   0    0    0   0   0   0   0   0     0   0   0   0   0   -3
speights,marrees  gsw PF 27  309   48  135   4  12  27   33  37   93   12   2  18   6  41   0   127   0   0   0   0  -78
splitter,tiago    san PF 22  456   68  121   0   0  38   57  50  137   23  10  26   9  36   0   174   0   0   0  18   87
stephenson,lance  ind SG 26  910  137  283  28  78  36   54  32  170  128  19  67   3  70   1   338   5   0   0  26  138
stiemsma,greg     nor  C  8  123    7   14   0   0   2    4  11   37    3   1   9   8  18   0    16   1   0   0   0  -13
stone,julyan      tor PG 12   89    7   15   2   7   2    3   1    7   10   1   3   0   9   0    18   0   0   0   0  -54
stoudemire,amare  nyk PF 19  338   63  118   0   0  21   37  24   68    9  11  23   7  42   0   147   5   0   0   1 -101
stuckey,rodney    det PG 23  637  127  276  10  32  85  102  16   55   51  19  43   5  46   1   349   2   0   0   0  -28
sullinger,jared   bos PF 25  674  141  296  21  67  51   66  56  178   45  11  41  13  80   0   354   1   0   0  15   95
taylor,jeffery    cha SF 26  629   82  218  18  67  26   47  15   60   22  13  25   5  62   0   208   0   0   0   8  -75
taylor,tyshawn    bro PG 17  249   29   84   3  12  22   28   3   14   35  11  27   1  28   0    83   0   0   0   3 -111
teague,jeff       atl PG 27  881  142  350  18  65 124  150  16   74  217  33  89   4  57   0   426   1   0   0  27   46
teague,marquis    chi PG 17  227   15   63   1   9  11   16   1   16   27   2  16   4  22   0    42   0   0   0   2   10
teletovic,mirza   bro PF 19  313   43  111  29  70  10   17  14   68   11   6  12   5  32   0   125   1   0   0   2   -2
temple,garrett    was SG 22  228   15   46   1  10   4    7   9   21   21   8  18   3  26   0    35   0   0   0   0  -54
terry,jason       bro SG 11  190   21   54  12  34   4    5   1   13   17   3   7   0  18   0    58   1   0   0   0  -27
thabeet,hasheem   okl  C  4   31    3    6   0   0   0    1   4   11    1   0   2   0   7   0     6   0   0   0   0  -14
thomas,isaiah     sac PG 25  764  155  337  42 104 113  131  19   60  139  34  67   0  59   0   465   2   0   0   7    6
thomas,lance      nor SF  5   42    2    9   0   0   2    4   2    7    3   0   2   0   4   0     6   0   0   0   0   -3
thompson,hollis   phi SF 25  525   57  121  17  49  22   29  29   91   22  12  22   4  41   0   153   0   0   0  10 -113
thompson,jason    sac PF 25  570   78  160   0   0  30   45  37  137   21   5  31  15  84   2   186   2   0   0  19  -53
thompson,klay     gsw SG 27 1032  197  432  83 195  58   74  18   85   73  25  58  13  86   1   535   2   0   0  27  123
thompson,tristan  cle PF 25  809  108  247   0   1  72  104  95  252   20  15  36  12  52   0   288   0   0   0  25  -94
thornton,marcus   sac SG 19  448   55  155  22  78  16   20  16   55   19  17   9   4  26   0   148   0   0   0   6  -42
tinsley,jamal     uta PG  8  110    4   20   1  15   0    0   2   11   23   2   9   0  10   0     9   1   0   0   5  -47
tolliver,anthony  cha PF 18  287   20   55  17  42   4    5   9   43   14   4   9   5  30   0    61   0   0   0   2   26
tucker,p.j.       pho SG 25  778   79  192  29  63  34   48  50  133   42  34  34   7  60   0   221   1   0   0  25   -6
turiaf,ronny      min  C  2   19    1    4   0   0   1    1   1    3    2   1   0   1   4   0     3   0   0   0   0    6
turner,evan       phi SG 27  992  205  456  23  76  97  118  28  180  107  27  96   0  71   1   530   2   0   0  27 -134
udoh,ekpe         mil PF 23  506   43   99   0   0  22   37  42   96   16  11  26  26  62   0   108   0   0   0  11  -88
udrih,beno        nyk PG 18  300   41   90  13  25   9   12   6   33   43   9  23   0  27   0   104   0   0   0   5  -49
valanciunas,jona  tor  C 24  669  100  204   0   0  41   51  66  192   17   9  42  24  72   1   241   1   0   0  24  -47
varejao,anderson  cle PF 25  729   84  171   0   4  36   51  69  218   53  27  24  20  58   0   204   1   0   0   9   -2
vasquez,greivis   tor PG 22  544   82  189  20  63  34   37   7   44  111   8  35   1  42   0   218   0   0   0  18  -62
vesely,jan        was SF 17  298   22   48   0   0   6   19  33   72    7  19  18   9  39   0    50   0   0   0   1  -81
villanueva,charl  det PF  7   60   15   32   7  21   0    0   1    9    2   2   1   2   2   0    37   0   0   0   0  -23
vucevic,nikola    orl  C 22  741  129  251   0   0  47   59  67  253   48  26  53  23  58   1   305   2   0   0  22  -36
wade,dwyane       mia SG 20  673  157  290   4  13  80  109  18   96   97  41  65  11  46   0   398   1   0   0  20  116
waiters,dion      cle SG 22  624  122  283  27  67  56   81  13   71   55  22  54   6  47   0   327   1   0   0   9  -45
walker,kemba      cha PG 27  955  179  426  41 120  99  122  20  113  119  42  70  15  42   0   498   0   0   0  27    2
wall,john         was PG 24  907  169  405  29  89 103  123  13  105  218  50  92  10  55   0   470   1   0   0  24   79
wallace,gerald    bos SF 27  641   46   94  11  31  14   39  16   96   69  36  54   5  42   0   117   2   0   0   4  -54
watson,c.j.       ind PG 26  495   52  134  23  63  32   41   9   45   48  24  20   4  26   0   159   0   0   0   3   46
watson,earl       por PG  6   41    0    2   0   1   2    2   1    3    8   1   7   0   8   0     2   0   0   0   0    4
webster,martell   was SF 23  756   99  215  55 132  49   58  19  107   46  21  14   7  42   0   302   0   0   0  13  -37
west,david        ind PF 26  790  143  300   1   6  61   77  33  181   79  26  44  24  57   0   348   1   0   0  26  223
westbrook,russel  okl PG 22  723  164  394  30 100 103  132  23  123  151  41  90   2  48   0   461   4   0   0  22   77
williams,deron    bro PG 16  437   68  150  19  49  36   48   0   36  114   9  44   3  28   0   191   0   0   0  15   31
williams,derrick  sac PF 23  489   68  155  10  39  47   62  12   78   17  18  19   6  32   0   193   0   0   0   7  -41
williams,elliot   phi SG 12  127   14   40   4  15  11   16   4   13    4   2   7   1  15   0    43   0   0   0   0  -66
williams,louis    atl SG 14  306   50  123  25  62  15   19   4   22   47  13  18   3  13   0   140   0   0   0   2   35
williams,marvin   uta PF 19  495   71  159  32  80   9   13  25   97   25  20  17  10  49   1   183   0   0   0  11  -24
williams,mo       por PG 26  637   98  237  27  73  17   19  14   52  116  19  57   8  75   1   240   1   0   0   0   -5
williams,shawne   lal SF 24  466   43  118  25  79   6    8  18  100   23  13  15  18  66   2   117   2   0   0   6   73
withey,jeff       nor  C 12   71    6    9   0   0  10   12  10   17    4   2   3   2   8   0    22   0   0   0   0    9
wolters,nate      mil PG 22  522   61  154   2  24  29   38  13   56   86  16  26   7  24   0   153   0   0   0   7   34
wright,brandan    dal  C  3   58   14   21   0   0   8   13   7   14    1   0   2   5   3   0    36   0   0   0   0   33
wright,dorell     por SF 27  373   46  118  32  83  14   19  10   64   17   7  14   4  20   0   138   0   0   0   0  -27
wroten,tony       phi PG 25  657  136  315  23  92  55   97  26   91   92  24  70   7  58   1   350   1   0   0  11 -182
young,nick        lal SG 26  701  137  308  44 111  79   99  13   60   39  21  28   9  62   1   397   1   0   0   6   21
young,thaddeus    phi SF 24  788  165  334  18  46  41   61  53  158   41  34  44  13  65   1   389   2   0   0  23 -160
zeller,cody       cha PF 27  480   55  147   0   0  29   40  36  113   27  13  37  13  61   0   139   0   0   0   0  -55
zeller,tyler      cle PF 14  104   12   23   0   0   8   10   7   25    2   2   6   3  15   0    32   0   0   0   0  -40
