Player           Team PS GP  Min  FGM  FGA  3M  3A FTM  FTA  OR   TR   AS  ST  TO  BK  PF  DQ   PTS  TC  EJ  FF Sta +/-
abrines,alex      okl SG 68 1055  134  341  94 247  44   49  18   84   40  37  33   9 114   0   406   0   0   0   6    3
acy,quincy        bro SF 38  559   70  170  37  91  45   60  20  115   18  14  21  14  67   1   222   0   0   0   1  -37
adams,steven      okl  C 80 2390  374  654   0   2 157  257 281  612   86  87 147  79 195   1   905   5   0   0  80  195
afflalo,arron     sac SG 61 1579  185  419  62 151  83   93  10  126   78  23  42   7 104   0   515   0   0   0  45 -247
ajinca,alexis     nor  C 39  586   89  178   0   4  29   40  46  175   12  19  31  23  77   0   207   1   0   0  15  -60
aldrich,cole      min  C 62  532   45   86   0   0  15   22  50  157   25  26  16  24  85   1   105   0   0   0   0  -33
aldridge,lamarcu  san PF 72 2335  500 1049  23  56 220  271 175  528  139  46  98  87 158   0  1243   0   0   0  72  272
allen,lavoy       ind PF 61  868   77  168   0   1  23   33 106  221   57  21  29  23  78   0   177   0   0   0   5 -123
allen,tony        mem SG 71 1915  274  595  15  54  80  130 166  394   98 114 100  29 178   2   643   1   0   0  66   -9
aminu,al-farouq   por SF 61 1774  183  466  70 213  96  136  77  451  100  60  94  45 102   1   532   1   0   0  25   22
andersen,chris    cle PF 12  115    9   22   0   3  10   14   9   31    5   5   5   7  20   0    28   0   0   0   0    8
anderson,alan     lac SG 30  309   30   80  14  44  12   16   3   24   11   3   7   0  35   0    86   0   0   0   0  -77
anderson,justin   phi SF 74 1226  186  436  58 193 102  129  69  247   66  42  66  23 109   0   532   5   0   0  10 -193
anderson,kyle     san SF 70 1017   93  209  15  40  45   57  33  208   91  51  39  26  63   0   246   0   0   0  14  176
anderson,ryan     hou PF 72 2113  324  774 205 508 129  150 112  327   69  32  56  14 142   0   982   1   0   0  72  408
antetokounmpo,gi  mil SF 80 2845  656 1257  49 180 471  612 143  700  434 132 233 149 246   4  1832   3   0   0  80   46
anthony,carmelo   nyk SF 74 2539  602 1390 151 420 304  365  63  437  212  63 152  30 198   1  1659   8   0   0  74 -233
anthony,joel      san  C 18  123   10   16   0   0   5    8   8   31    3   2   4   6  11   0    25   0   0   0   0  -13
ariza,trevor      hou SF 80 2772  326  796 190 553  93  126  54  457  175 147  75  20 133   0   935   5   0   0  80  366
artest,ron        lal PF 25  162   19   68   9  38  10   16   5   20   11  10   7   2  18   0    57   0   0   0   2  -61
arthur,darrell    den PF 41  638   95  215  53 117  19   22  25  111   42  20  36  21  76   0   262   0   0   0   7  -25
asik,omer         nor  C 31  482   30   64   0   0  23   39  47  162   15   4  14  12  51   0    83   0   0   0  19  -61
augustin,d.j.     orl PG 78 1536  195  517  95 274 131  161  15  118  210  31  90   1 101   0   616   1   0   0  20 -444
babbitt,luke      mia SF 68 1066  113  281  87 210  11   15  13  141   35  22  25  11 118   0   324   2   0   0  55   -8
baker,ron         nyk SG 51  856   82  217  23  85  28   43  12   99  107  34  56   7  74   0   215   0   0   0  13  -53
baldwin,wade      mem PG 33  407   36  114   3  22  31   37  11   46   62  19  40   7  40   0   106   0   0   0   1 -139
barbosa,leandro   pho SG 67  961  172  393  35  98  40   45  17  106   81  31  48   8  82   1   419   0   0   0   0  -68
barea,j.j.        dal PG 35  769  142  343  53 148  44   51   9   83  193  14  63   1  30   0   381   2   0   0   6   10
barnes,harrison   dal SF 79 2805  599 1280  78 222 242  281  96  399  117  67 103  14 128   0  1518   0   0   0  79 -136
barnes,matt       gsw SF 74 1777  185  474  87 263  70   89  70  381  195  47 107  26 185   0   527   7   0   0  18  -65
barton,will       den SF 60 1705  295  667  87 235 143  190  59  261  206  45  97  30 110   0   820   0   0   0  19  -80
bass,brandon      lac PF 52  574  107  186   1   3  77   88  44  128   21  14  30  11  45   0   292   0   0   0   0 -146
batum,nicolas     cha SG 77 2617  393  975 135 405 243  284  48  484  455  88 193  31 109   0  1164   0   0   0  77   69
bayless,jerryd    phi PG  3   71   11   32   2   5   9   10   3   12   13   0   9   0   4   0    33   1   0   0   1  -21
baynes,aron       det  C 75 1163  143  279   0   0  79   94 111  333   32  17  50  40 166   0   365   0   0   0   2  137
bazemore,kent     atl SF 73 1961  295  723  92 267 119  168  45  227  177  92 123  53 165   2   801   7   0   0  64 -106
beal,bradley      was SG 77 2687  637 1323 223 553 282  342  52  237  266  86 156  21 169   0  1779   4   0   0  77  334
beasley,malik     den SG 21  165   33   73   9  28   8   10   5   17   11   7   8   0  10   0    83   1   0   0   1   58
beasley,michael   mil SF 56  933  216  405  18  43  78  105  40  195   53  29  66  29  92   1   528   1   0   0   6  -41
belinelli,marco   cha SG 74 1774  264  615 102 282 150  168  14  178  148  44  70   9  90   0   780   0   0   0   0   44
bembry,deandre    atl SF 36  369   47   98   1  18   6   16  14   59   29   8  16   5  21   0   101   0   0   0   1  -44
bender,dragan     pho PF 43  574   57  161  28 101   4   11  24  104   23  11  32  22  74   0   146   1   0   0   0  -25
bennett,anthony   bro PF 23  264   38   92  13  48  26   36  25   78   11   5  12   3  18   0   115   0   0   0   1  -68
bentil,ben        dal PF  3   10    0    3   0   1   0    0   0    2    0   0   1   0   1   0     0   0   0   0   0  -12
bertans,davis     san SF 65  803  103  233  69 172  28   34  22   98   46  20  32  28  75   0   303   1   0   0   6  116
beverley,patrick  hou PG 67 2055  228  543 110 287  73   95  95  396  282  98 100  25 222   3   639  12   0   0  67  354
biyombo,bismack   orl  C 81 1799  179  341   0   0 125  234 160  571   74  24  96  90 202   0   483   4   0   0  27 -346
bjelica,nemanja   min PF 65 1189  151  357  56 177  45   61  60  247   79  39  59  21 154   1   403   0   0   0   1  -13
black,tarik       lal  C 67 1090  150  293   1   2  82  109 143  343   38  29  59  43 173   1   383   1   0   0  16  -50
bledsoe,eric      pho PG 66 2177  449 1037 104 309 388  458  52  322  419  91 223  31 164   1  1390   5   0   0  66 -183
bogdanovic,bojan  was SG 81 2080  376  845 144 392 217  243  38  279  112  33 131   7 146   0  1113   0   0   0  54 -265
bogut,andrew      cle  C 27  584   38   81   0   1   3   11  54  216   49  13  43  25  86   2    79   2   0   0  21  -34
bolomboy,joel     uta PF 12   53    9   16   1   4   3    6   4   18    2   1   2   3   1   0    22   0   0   0   0   12
booker,devin      pho SG 78 2731  606 1430 147 405 367  441  47  250  268  72 242  20 242   5  1726  11   0   0  78 -224
booker,trevor     bro PF 71 1755  305  590  25  78  74  110 144  574  138  74 125  29 152   0   709   7   0   0  43 -335
bradley,avery     bos PG 55 1836  359  776 108 278  68   93  65  335  120  69  89  11 141   0   894   2   0   0  55   72
brewer,corey      lal SF 82 1281  147  348  27 118  50   68  31  166   98  61  55  19 133   0   371   0   0   0  11   71
brogdon,malcolm   mil SG 75 1979  290  633  78 191 109  126  47  210  319  84 112  12 140   0   767   0   0   0  28   87
brooks,aaron      ind PG 65  892  121  300  48 128  32   40  18   69  125  25  65   9  92   0   322   5   0   0   0  -31
brown,anthony     orl SF 11  159   18   50   7  27   0    0   8   33    8   5   6   2  15   0    43   0   0   0   0    4
brown,bobby       hou PG 24  123   23   59  14  35   2    2   0    6   14   1   5   0   5   0    62   0   0   0   0  -30
brown,jaylen      bos SF 78 1341  192  424  46 135  85  124  45  221   64  37  68  18 142   0   515   1   0   0  20 -117
brussino,nicolas  dal SF 49  521   52  141  29  95  17   22  26   94   47  17  26   8  43   1   150   0   0   0   2 -109
bullock,reggie    det SF 31  466   54  128  28  73   5    7  13   65   29  18  10   3  22   0   141   1   0   0   5   55
burke,trey        was PG 57  702  116  254  31  70  22   29   7   47  101  11  48   5  54   0   285   0   0   0   0 -160
burks,alec        uta SG 42  655   99  248  25  76  60   78  17  120   30  18  35   5  50   0   283   0   0   0   0    1
butler,jimmy      chi SG 76 2806  570 1252  91 248 585  676 129  469  418 144 158  31 112   0  1816   3   0   0  75  205
caboclo,bruno     tor SF  8   40    6   16   2   6   0    0   5   10    4   2   2   1   4   0    14   0   0   0   0    1
calderon,jose     atl PG 41  538   55  134  20  64  11   12  15   73   88  11  41   1  36   0   141   0   0   0  13 -105
caldwell-pope,ke  det SG 76 2528  370  928 153 437 154  185  55  247  193  89  86  12 118   0  1047   5   0   0  75 -149
canaan,isaiah     chi PG 38  594   63  173  25  94  30   33   6   49   36  22  20   1  35   0   181   0   0   0   0  -84
capela,clint      hou  C 65 1554  362  562   0   0  94  177 178  527   64  34  88  79 179   1   818   1   0   0  59  215
carroll,demarre   tor SF 72 1884  220  550 109 320  89  117  64  277   74  81  54  28 143   0   638   2   0   0  72  114
carter,vince      mem SG 73 1800  193  490 112 296  88  115  36  226  133  60  50  36 163   1   586   5   0   0  15  157
carter-williams,  chi PG 45  845  112  306  15  64  58   77  24  152  113  38  66  24 102   1   297   1   0   0  19  -28
casspi,omri       min SF 36  645   77  165  15  43  17   29  27  112   37  24  29   3  50   0   186   0   0   0   2 -102
cauley-stein,wil  sac  C 75 1416  255  481   0   2 101  151  85  336   80  52  69  46 147   1   611   0   0   0  21 -205
chandler,tyson    pho  C 47 1300  153  228   0   0  91  124 155  538   30  34  67  25 126   1   397   4   0   0  46  -74
chandler,wilson   den SF 71 2192  433  939 110 326 141  194 105  459  143  53 113  32 172   2  1117   1   0   0  33  -34
chriss,marquese   pho PF 82 1740  284  632  72 224 113  181  97  348   59  67 108  70 263   2   753  11   0   0  75 -382
christmas,rakeem  ind PF 28  220   19   42   0   0  21   29  27   57    4   3   8   6  37   0    59   0   0   0   0  -35
christon,semaj    okl PG 62  972   77  224  12  63  17   31  19   90  130  27  43   7  79   0   183   1   0   0   1 -139
clark,ian         gsw SG 77 1137  211  433  61 163  44   58  22  122   89  39  56   8  77   0   527   0   0   0   0   36
clarkson,jordan   lal PG 82 2397  476 1068 117 356 134  168  47  245  213  89 164   9 150   0  1203   1   0   0  19 -413
cole,norris       okl PG 13  124   16   52   3  13   8   10   0   11   14   8   7   0  18   0    43   0   0   0   0  -16
collison,darren   sac PG 68 2068  340  714  73 174 147  171  24  156  312  69 113   9 119   0   900   1   0   0  63 -134
collison,nick     okl PF 20  128   14   23   0   1   5    8   9   30   12   2   3   2  17   0    33   1   0   0   0  -39
conley,mike       mem PG 69 2294  464 1009 171 419 316  368  31  245  432  92 156  19 126   0  1415   0   0   0  68  188
connaughton,pat   por SG 38  318   37   72  17  33   7    9  10   52   28   6  16   2  23   0    98   0   0   0   1  -17
cook,quinn        na  PG 13  188   33   65  11  26   2    5   1    7   26   4  13   0  13   0    79   0   0   0   0  -41
cousins,demarcus  nor  C 72 2466  647 1431 131 364 517  670 151  796  333 100 269  95 278   7  1942  20   0   0  72  -26
covington,robert  phi SF 67 2118  292  733 137 413 143  174  91  434  103 125 130  69 203   2   864   2   0   0  67 -152
crabbe,allen      por SG 79 2256  303  647 134 302 105  124  19  224   92  54  62  20 171   0   845   0   0   0   7 -117
crawford,jamal    lac SG 82 2158  359  870 116 322 174  203  17  128  213  61 133  13 115   0  1008   4   0   0   1   20
crawford,jordan   nor SG 19  442  105  218  37  95  20   26   4   34   58  11  25   2  30   0   267   0   0   0   0   16
crowder,jae       bos SF 72 2334  333  720 157 394 176  217  49  417  155  71  80  23 161   2   999   6   0   0  72  344
cunningham,dante  nor PF 66 1646  174  360  71 182  16   27  58  278   35  39  28  29 100   0   435   3   0   0  35  -52
curry,seth        dal SG 70 2027  338  702 137 321  85  100  25  178  188  79  92   6 126   1   898   0   0   0  42  -37
curry,stephen     gsw PG 79 2636  675 1443 324 789 325  362  61  353  524 143 238  17 183   1  1999   4   0   0  79 1015
daniels,troy      mem SG 67 1186  185  496 138 356  43   54  21   99   45  21  45   2  90   1   551   1   0   0   3   89
davis,anthony     nor PF 75 2704  771 1528  40 134 519  647 177  898  158  98 181 168 168   0  2101   2   0   0  75   51
davis,deyonta     mem PF 34  237   24   47   0   0  10   18  20   60    2   4   8  17  39   0    58   0   0   0   0  -40
davis,ed          por PF 46  786   75  142   0   0  50   81  96  243   27  15  37  22 137   1   200   1   0   0  12 -129
dedmon,dewayne    san  C 76 1329  161  259   0   0  65   93 128  494   45  40  61  65 180   1   387   2   0   0  37  191
dekker,sam        hou SF 77 1418  203  430  60 187  38   68  96  284   75  38  41  22  83   0   504   0   0   0   2   76
delaney,malcolm   atl PG 73 1246  145  387  26 109  75   93  11  126  194  39  95   1 112   0   391   0   0   0   2   32
dellavedova,matt  mil PG 76 1987  208  534  79 217  82   96  23  150  358  51 134   1 153   0   577   1   0   0  54  -72
deng,luol         lal SF 56 1482  164  425  51 164  46   63  63  293   74  47  43  20  61   0   425   1   0   0  49 -204
derozan,demar     tor SG 74 2620  721 1545  33 124 545  647  70  387  290  74 181  13 134   0  2020  13   0   0  74  147
diallo,cheick     nor PF 16  195   36   76   0   1  15   21  23   73    4   4   7   7  17   0    87   0   0   0   0  -51
diaw,boris        uta  C 73 1286  146  327  20  81  26   35  46  158  170  18  87   9  83   0   338   1   0   0  33   20
dieng,gorgui      min  C 82 2655  332  660  16  42 136  167 187  648  159  88 109  95 254   2   816   3   0   0  82   33
dinwiddie,spence  bro PG 59 1330  135  304  38 101 126  159  26  163  185  44  66  24 119   0   434   0   0   0  18 -134
douglas,toney     mem PG 24  395   43  117   7  42  24   29  13   60   56  18  22   5  50   0   117   0   0   0   0   11
dragic,goran      mia PG 73 2457  534 1126 117 289 298  377  61  279  424  90 211  13 199   1  1483   6   0   0  73   65
drummond,andre    det  C 81 2407  482  908   2   7 137  355 345 1117   89 124 154  89 237   1  1103   2   0   0  81 -272
dudley,jared      pho SF 64 1363  157  346  77 203  43   65  30  223  121  42  72  16 154   1   434   1   0   0   7  -47
dunleavy,mike     atl SF 53  841   93  220  53 134  36   45  18  116   52  15  28   7  67   0   275   0   0   0   2  -36
dunn,kris         min PG 78 1330  118  313  21  73  36   59  24  165  188  79  89  36 178   2   293   3   0   0   7 -131
durant,kevin      gsw SF 62 2072  551 1026 117 312 336  384  39  513  301  67 138  99 117   0  1555   8   0   0  62  711
eddie,jarell      pho SG  5   62    6   19   4  16   8    9   1    7    0   1   1   0   1   0    24   0   0   0   0   -5
ellenson,henry    det PF 19  145   23   64  10  34   4    8   8   41    7   1  14   1   6   0    60   0   0   0   2   -3
ellington,wayne   mia SG 62 1496  231  555 149 394  37   43  18  133   70  36  29   5  70   0   648   0   0   0  13   86
ellis,monta       ind SG 74 1995  247  557  43 135  93  128  19  202  237  77 135  27 149   0   630   1   0   0  33  -71
embiid,joel       phi  C 31  785  200  429  36  98 191  244  61  242   66  27 117  75 112   2   627   2   0   0  31   67
ennis,james       mem SF 64 1502  146  322  51 137  86  110  70  261   64  46  59  19 165   2   429   0   0   0  28   45
ennis,tyler       lal PG 53  587   90  208  27  70  21   25  10   46   85  26  45   2  58   0   228   0   0   0   2   -1
evans,tyreke      sac SG 40  787  150  370  42 118  69   92  12  136  125  35  61   8  60   0   411   0   0   0   6 -151
exum,dante        uta PG 66 1230  155  364  44 149  58   73  32  134  110  22  80  12 146   0   412   1   0   0  26   -1
faried,kenneth    den PF 61 1300  228  416   0   6 131  189 178  458   55  43  58  40 124   0   587   3   0   0  34  -60
farmar,jordan     sac PG  2   36    4   12   4   9   0    0   1    3    9   2   3   0   1   0    12   0   0   0   0   -1
favors,derrick    uta PF 50 1185  203  417   3  10  67  109  94  305   55  44  60  40 103   0   476   0   0   0  39   57
felder,kay        cle PG 41  386   62  158   7  22  34   47   3   40   57  18  31   7  37   0   165   0   0   0   0  -54
felicio,cristian  chi PF 66 1037  128  222   0   0  60   93 124  310   40  25  33  18 110   1   316   1   0   0   0  -35
felton,raymond    lac PG 80 1699  221  514  46 144  50   64  33  218  192  66  82  22 125   0   538   0   0   0  11 -163
ferrell,yogi      dal PG 46 1201  160  394  68 177  74   89  20  110  173  44  70   9  90   0   462   0   0   0  29 -117
finney-smith,dor  dal SF 80 1640  124  334  56 191  46   61  56  222   67  52  45  24 125   0   350   0   0   0  35 -118
forbes,bryn       san SG 33  285   36   99  17  53   5    6   2   23   24   1  11   0  19   0    94   0   0   0   0  -46
fournier,evan     orl SG 68 2233  408  928 128 359 223  277  45  209  201  67 141   4 180   2  1167   4   0   0  66 -194
foye,randy        bro SG 69 1284  118  325  67 203  54   63  10  155  135  35  80   9  99   0   357   2   0   0  40 -205
frazier,tim       nor PG 65 1523  163  404  40 128  98  129  32  170  335  54 103   6 133   1   464   1   0   0  35  -86
frye,channing     cle PF 74 1400  238  521 137 334  63   74  38  291   45  32  53  38 138   0   676   0   0   0  15   58
gallinari,danilo  den SF 63 2134  335  750 126 325 349  387  39  322  136  43  80  15  93   0  1145   3   0   0  63  157
galloway,langsto  sac SG 74 1494  207  545 120 307  51   64  28  156   93  48  46   6  96   0   585   0   0   0   2  -60
garino,patricio   orl SG  5   43    0    7   0   5   0    0   1    7    0   0   3   0   4   0     0   0   0   0   0  -14
gasol,marc        mem  C 74 2524  532 1160 104 268 278  332  60  461  339  67 165  99 171   1  1446   5   0   0  74   64
gasol,pau         san  C 64 1627  303  604  56 104 130  184 106  501  150  24  81  71 110   0   792   1   0   0  39  227
gay,rudy          sac SF 30 1011  201  442  42 113 118  138  35  189   82  45  74  26  79   0   562   1   0   0  30   65
gbinije,michael   det SG  9   31    1   10   0   4   2    2   2    3    2   0   0   0   2   0     4   0   0   0   0   -3
gee,alonzo        den SG 12   87    3   13   0   3   5    9   4   14    6   5   4   1  14   0    11   0   0   0   0  -18
george,paul       ind SF 75 2686  622 1349 195 494 336  374  58  495  251 119 220  25 206   2  1775   9   0   0  75  168
georges-hunt,mar  orl SG  5   47    2    7   1   2   9   10   1    9    3   1   2   0   5   0    14   0   0   0   0  -25
gibson,jonathan   dal PG 16  231   35   95  15  45  21   29   1   22   27   8  21   0  21   0   106   0   0   0   0  -85
gibson,taj        okl PF 78 1988  365  708   3  13 113  158 157  486   73  44 106  69 163   2   846   9   0   0  71    2
ginobili,manu     san SG 69 1293  171  439  89 227  86  107  30  158  183  81  96  15 119   0   517   1   0   0   0  258
gobert,rudy       uta  C 81 2736  413  623   0   1 311  476 313 1035   98  50 148 214 246   5  1137   9   0   0  81  435
goodwin,archie    bro SG 15  212   36   66   5  15  33   42   7   28   24   4  14   5   8   0   110   0   0   0   0  -36
gordon,aaron      orl PF 80 2300  393  864  77 266 156  217 115  403  150  65  90  41 172   1  1019   1   0   0  72 -163
gordon,eric       hou SG 75 2321  412 1014 246 661 147  175  29  203  187  48 121  38 150   0  1217   0   0   0  15  295
gortat,marcin     was  C 82 2561  390  674   0   2 103  159 237  844  123  37 118  66 213   1   883   3   0   0  82  202
graham,treveon    cha SG 27  187   19   40   9  15  10   15   5   22    6   6   3   1  18   0    57   0   0   0   1  -39
grant,jerami      okl SF 80 1530  152  328  43 116  90  147  37  206   46  34  44  77 149   0   437   0   0   0   4 -187
grant,jerian      chi PG 63 1027  128  301  49 134  65   73  17  111  120  48  44   8  93   0   370   0   0   0  28   52
green,danny       san SG 68 1805  176  448 118 310  27   32  31  221  124  72  75  57 120   0   497   2   0   0  68  268
green,draymond    gsw PF 76 2474  272  653  81 264 151  213  99  599  531 155 184 106 217   2   776  15   0   0  76  819
green,gerald      bos SF 47  537   95  233  39 111  33   41  17   85   33   9  26   7  48   0   262   0   0   0   0    9
green,jamychal    mem PF 77 2101  250  498  55 143 134  167 166  541   85  46  94  34 248   4   689   5   0   0  75  -28
green,jeff        orl SF 69 1531  220  558  53 193 145  168  38  211   80  38  75  15 103   0   638   1   0   0  11 -296
griffin,blake     lac PF 61 2077  479  971  38 113 320  421 111  497  299  58 140  25 157   0  1316   5   0   0  61  443
hamilton,justin   bro PF 64 1175  174  380  55 183  39   52  71  261   55  30  43  42  91   0   442   1   0   0   7 -292
hammons,a.j.      dal  C 21  160   17   42   5  10   9   20   8   37    4   1  10  13  21   0    48   0   0   0   0   -7
hardaway,tim      atl SG 79 2148  415  912 149 417 164  214  35  224  183  55 107  16 103   0  1143   1   0   0  30  156
harden,james      hou SG 81 2954  674 1532 262 756 746  881  94  662  906 122 462  37 215   0  2356   4   0   0  81  424
harkless,maurice  por SF 77 2219  314  625  68 194  77  124 125  340   89  83  86  68 214   4   773   1   0   0  69   48
harper,justin     phi PF  3   32    5   12   2   7   0    0   3    6    2   0   4   0   2   0    12   0   0   0   0  -11
harrell,montrezl  hou PF 58 1068  225  345   1   7  76  121  82  219   64  20  44  42 126   1   527   6   0   0  14  107
harris,devin      dal PG 65 1087  136  340  58 176 107  129  11  127  136  43  57   6 101   0   437   4   0   0   0   39
harris,gary       den SG 57 1782  320  636 107 255 104  134  50  182  162  71  76   8  92   0   851   0   0   0  56   81
harris,joe        bro SG 52 1140  154  361  85 220  35   49  16  147   54  30  55   8 121   1   428   0   0   0  11 -284
harris,manny      dal PG  4   25    3   15   0   2   2    4   3    9    2   0   2   0   1   0     8   0   0   0   0  -21
harris,tobias     det SF 82 2566  511 1063 109 314 190  226  63  416  141  60  93  39 133   0  1321   3   0   0  48    1
harrison,aaron    cha SG  5   16    0    4   0   2   1    2   0    3    3   0   0   0   2   0     1   0   0   0   0   -5
harrison,andrew   mem PG 72 1474  117  361  43 156 148  194  24  138  197  52  85  21 194   2   425   2   0   0  18  -26
haslem,udonis     mia PF 16  130   11   23   0   3   9   15   8   36    6   5   8   1  22   0    31   0   0   0   0  -68
hawes,spencer     mil  C 53  795  134  277  25  81  44   52  39  192   81  16  49  30  77   1   337   0   0   0   1 -173
hayward,gordon    uta SF 73 2517  545 1155 149 374 362  429  48  394  252  73 140  20 117   0  1601   0   0   0  73  347
henderson,gerald  phi SG 72 1668  234  551  61 173 133  165  34  186  112  41  65  14 129   0   662   7   0   0  41 -307
henson,john       mil PF 58 1122  159  310   0   1  74  107  92  294   57  30  54  82 151   1   392   5   0   0  39  -51
hernangomez,juan  den PF 61  841  101  223  46 111  57   76  43  186   30  28  31  14  62   0   305   0   0   0   9  -31
hernangomez,will  nyk  C 72 1322  246  463   4  15  91  125 166  499   97  40 101  36 150   1   587   0   0   0  22  -54
hezonja,mario     orl SG 65  957  117  330  43 144  40   50  20  147   62  29  58  14  74   0   317   1   0   0   2 -287
hibbert,roy       den  C 48  684   80  147   0   0  61   75  54  153   22   8  32  48 100   0   221   0   0   0  13  -22
hield,buddy       sac SG 82 1882  327  767 148 379  64   76  36  270  120  38 101  10 115   0   866   0   0   0  55 -212
hilario,nene      hou  C 67 1198  245  397   3   9 116  197  94  279   65  54  72  41 163   0   609   4   0   0   8  194
hill,george       uta PG 49 1545  289  605  94 234 157  196  23  167  203  49  85  11 114   1   829   1   0   0  49  258
hill,jordan       min PF  7   47    5   13   0   0   2    2   8   14    0   1   4   0   9   0    12   0   0   0   0   12
hill,solomon      nor SF 80 2374  183  476  94 270 103  128  50  303  141  72  82  31 182   0   563   1   0   0  71    5
hilliard,darrun   det SG 38  379   47  126  12  46  21   28   2   33   34  11  28   2  39   0   127   0   0   0   1   13
holiday,jrue      nor PG 67 2185  405  894 100 281 119  168  44  260  490 100 192  42 133   0  1029   1   0   0  61   37
holiday,justin    nyk SG 82 1633  233  538  97 273  66   80  27  227  103  67  66  32 109   0   629   0   0   0   4  -41
hollis-jefferson  bro SG 78 1761  235  541  15  67 190  253  96  453  154  84 115  44 177   2   675   0   0   0  50 -264
holmes,richaun    phi PF 57 1188  230  412  27  77  72  103  92  307   57  42  53  54 136   1   559   1   0   0  17 -228
hood,rodney       uta SG 59 1590  272  665 114 306  90  115  16  202   96  38  66  11 132   0   748   1   0   0  55  109
horford,al        bos  C 68 2197  379  799  86 241 108  135  95  462  337  54 115  88 138   1   952   1   0   0  68  215
house,danuel      was PF  1    1    0    0   0   0   0    0   0    1    0   0   0   0   0   0     0   0   0   0   0    0
howard,dwight     atl  C 74 2195  388  614   0   2 226  424 296  939  103  66 170  91 203   2  1002  13   0   0  74 -114
huertas,marcelo   lal PG 23  236   25   68   4  19   9   17   2   24   52  10  19   2  16   0    63   0   0   0   1  -43
huestis,josh      okl SF  2   31    6   11   2   4   0    1   4    9    3   0   0   4   0   0    14   0   0   0   0    3
humphries,kris    atl PF 56  689   87  215  19  54  64   82  61  207   29  15  29  21  69   0   257   0   0   0   4  -67
hunter,r.j.       chi SG  3   10    0    1   0   1   0    0   0    1    0   0   0   0   0   0     0   0   0   0   0  -10
ibaka,serge       tor PF 79 2423  471  983 124 318 107  125 129  537   74  41 105 124 215   2  1173   6   0   0  79 -142
iguodala,andre    gsw SF 76 1999  219  414  64 177  72  102  51  306  261  77  58  38  97   0   574   3   0   0   0  526
ilyasova,ersan    atl PF 82 2141  384  889 142 402 163  209 116  483  138  59 116  25 211   3  1073   2   0   0  52  -30
ingles,joe        uta SF 82 1974  204  451 123 279  50   68  23  261  226  95 107   8 163   0   581   0   0   0  26  158
ingram,brandon    lal SF 79 2277  276  687  55 187 133  214  60  317  166  50 116  36 158   1   740   1   0   0  40 -384
irving,kyrie      cle PG 72 2523  671 1420 177 441 297  328  52  226  419  84 178  24 157   0  1816   3   0   0  72  334
jack,jarrett      nor PG  2   33    2    3   0   1   2    2   0    0    5   2   3   0   4   0     6   0   0   0   0   -6
jackson,demetriu  bos PG  3   17    3    4   1   1   3    6   2    4    3   0   0   0   0   0    10   0   0   0   0    1
jackson,pierre    dal PG  7   83   13   39   3  11   6    7   1    9   19   2   3   0   5   0    35   0   0   0   1   57
jackson,reggie    det PG 52 1424  284  677  66 184 118  136  21  114  271  35 114   5 129   1   752   2   0   0  50 -224
james,lebron      cle SF 74 2793  736 1344 124 342 358  531  97  639  646  92 302  44 134   2  1954   4   0   0  74  482
jefferson,al      ind  C 66  932  235  469   0   1  65   85  75  278   57  17  33  17 125   0   535   0   0   0   1  -98
jefferson,richar  cle SF 79 1617  153  343  62 186  80  108  28  201   77  27  53  10 153   3   448   4   0   0  13  131
jenkins,john      pho SG  4   13    2    5   1   2   2    2   0    1    1   0   0   0   0   0     7   0   0   0   0    9
jennings,brandon  was PG 81 1801  192  534  79 252 114  152  28  194  393  69 128   5 116   0   577   7   0   0  13  -63
jerebko,jonas     bos PF 78 1233  114  261  45 130  26   37  60  271   72  27  39  18 122   0   299   2   0   0   6   36
johnson,amir      bos PF 80 1608  213  369  27  66  67  100 116  363  141  51  78  63 211   1   520   1   0   0  77  208
johnson,brice     lac ??  3   10    2    7   0   0   0    0   1    3    1   2   1   1   0   0     4   0   0   0   0    7
johnson,james     mia PF 76 2086  368  768  87 255 152  215  66  377  276  75 172  84 197   3   975   8   0   0   5  139
johnson,joe       uta SF 78 1841  273  624 106 259  63   77  32  242  144  35  70  18  93   0   715   0   0   0  14  116
johnson,stanley   det SF 77 1373  129  365  45 154  36   53  36  189  104  56  71  24 121   0   339   1   0   0   1    3
johnson,tyler     mia SG 73 2177  357  823  93 249 195  254  51  292  233  84  91  45 176   1  1002   1   0   0   0   36
johnson,wesley    lac SF 68  816   73  201  29 117  11   17  26  180   22  29  18  31  83   0   186   0   0   0   3  -56
jokic,nikola      den  C 73 2032  494  857  45 139 188  228 213  717  359  59 171  53 214   1  1221   3   0   0  59  298
jones,dahntay     cle SG  1   12    3    8   0   2   3    4   1    2    1   0   1   0   1   0     9   0   0   0   0    2
jones,damian      gsw  C 10   84    8   16   0   0   3   10   9   23    0   1   6   4  15   0    19   0   0   0   0  -28
jones,derrick     pho SF 32  543   68  120   3  11  29   41  38   78   13  13  13  14  63   1   168   2   0   0   8   33
jones,james       cle SG 47  379   44   92  31  66  13   20   3   39   14   7  10  10  37   0   132   0   0   0   2 -100
jones,terrence    mil PF 54 1271  231  489  19  75 103  170  66  306   58  37  49  54  67   1   584   2   0   0  12  -58
jones,tyus        min PG 56  771   75  181  26  73  33   43  10   67  155  47  38   5  50   0   209   0   0   0   0   30
jordan,deandre    lac  C 81 2569  412  577   0   2 205  425 297 1114   96  51 117 134 212   0  1029  14   0   0  81  456
joseph,cory       tor PG 80 2002  299  660  48 134  94  122  50  233  266  69 109  11 140   0   740   1   0   0  22   43
kaminsky,frank    cha PF 75 1955  320  802 116 354 118  156  57  340  161  49  76  36 139   2   874   0   0   0  16   43
kanter,enes       okl  C 72 1533  402  737   5  38 224  285 196  483   67  31 123  39 154   0  1033   2   0   0   0   54
kelly,ryan        atl PF 16  110    8   28   4  10   5    6   1   18    8   4   4   5   5   0    25   0   0   0   0    4
kidd-gilchrist,m  cha SF 81 2353  295  617   1   9 152  194 155  563  113  79  56  74 187   2   743   0   0   0  81   -6
kilpatrick,sean   bro SG 70 1753  304  734 105 308 204  242  22  280  158  46 136   6 118   0   917   1   0   0  24 -226
knight,brandon    pho PG 54 1136  209  524  45 139 132  154  24  121  129  28  88   5  87   0   595   0   0   0   5 -324
korver,kyle       cle SF 67 1750  239  513 162 358  38   42   9  187  110  33  69  21 107   0   678   0   0   0  22 -169
koufos,kosta      sac  C 71 1415  216  392   0   1  38   62 118  405   46  34  61  48 172   2   470   3   0   0  62 -157
kuzminskas,minda  nyk SF 68 1018  158  368  54 168  55   68  48  127   69  30  50  11  79   0   425   0   0   0   5   -3
labissiere,skal   sac PF 33  612  117  217   3   8  52   74  50  160   27  16  38  12  64   1   289   0   0   0  12  -41
lamb,jeremy       cha SG 62 1141  226  492  41 147 110  129  31  263   74  27  40  24  98   0   603   0   0   0   5  -40
laprovittola,nic  san PG 16  173   20   47  10  27   9    9   1   10   28   4  18   1  19   0    59   0   0   0   3  -42
lauvergne,joffre  chi  C 70  981  148  335  33  98  46   73  71  251   70  24  55   6  83   1   375   0   0   0   1  -91
lavine,zach       min SG 47 1747  326  709 120 309 117  140  19  160  140  41  85  10 104   0   889   1   0   0  47 -117
lawson,ty         sac PG 69 1733  237  522  34 119 173  217  44  181  335  74 130   6 119   1   681   0   0   0  25 -154
layman,jake       por SF 34  252   26   89  13  51  13   17   6   24   11   8  11   3  22   0    78   0   0   0   1   -4
lee,courtney      nyk SG 77 2459  321  706 108 268  85   98  54  260  179  81  69  22 141   1   835   2   0   0  74 -233
lee,david         san PF 79 1477  248  420   0   0  80  113 147  439  122  32  82  40 125   0   576   0   0   0  10  315
len,alex          pho  C 77 1558  230  462   3  12 150  208 153  506   44  36 102  99 242   7   613   5   0   0  34 -397
leonard,kawhi     san SF 74 2476  636 1311 147 386 469  533  80  428  259 130 153  54 122   0  1888   0   0   0  74  434
leonard,meyers    por  C 74 1223  146  379  74 213  35   40  27  236   71  12  37  28 172   1   401   4   0   0  12  -30
leuer,jon         det PF 75 1942  311  647  49 167  98  113 103  405  110  31  67  27 145   0   769   0   0   0  34  -79
levert,caris      bro SG 57 1232  171  380  59 183  67   93  24  187  110  50  59   7  91   1   468   0   0   0  26  -92
liggins,deandre   na  SG 57  776   54  141  17  46  25   40  20  108   54  48  42  14  81   0   150   1   0   0  19   55
lillard,damian    por PG 75 2690  661 1488 214 577 488  545  46  367  438  70 196  19 152   1  2024   2   0   0  75   81
lin,jeremy        bro PG 36  882  175  400  58 156 115  141  11  135  183  41  86  14  79   0   523   0   0   0  33  -83
livingston,shaun  gsw PG 76 1344  173  314   1   2  42   60  29  153  138  36  61  21 120   0   389   0   0   0   3  151
long,shawn        phi PF 17  233   61  108   7  19  19   35  40   84   13   9  13   9  49   0   148   1   0   0   0   20
looney,kevon      gsw SF 53  445   56  107   2   9  21   34  44  124   29  14  17  17  64   0   135   0   0   0   4  -16
lopez,brook       bro  C 75 2223  555 1173 134 386 295  364 119  404  176  37 184 125 192   2  1539   1   0   0  75 -157
lopez,robin       chi  C 81 2274  382  775   0   2  75  104 244  519   81  18  90 118 151   0   839   6   0   0  81   75
love,kevin        cle PF 60 1886  370  867 145 389 257  295 149  668  117  52 122  24 125   3  1142   0   0   0  60  337
lowry,kyle        tor PG 60 2244  426  916 193 466 299  365  48  289  417  88 172  20 170   1  1344   8   0   0  60  356
lucas,john        min PG  5   10    1    4   0   1   0    0   0    0    1   2   0   0   0   0     2   0   0   0   0   12
luwawu-cabarrot,  phi SG 69 1189  145  360  50 161 105  123  26  149   74  31  74  10 154   1   445   0   0   0  19  -57
lyles,trey        uta PF 71 1158  159  439  65 204  57   79  48  234   70  26  63  20  97   1   440   1   0   0   4   26
mack,shelvin      uta PG 55 1202  170  382  37 120  53   77  20  128  154  43  90   2 100   0   430   0   0   0   9   16
mahinmi,ian       was  C 31  556   65  110   0   0  43   75  47  150   20  34  35  24  90   2   173   3   0   0   0   31
maker,thon        mil PF 56  563   83  181  28  74  32   49  39  114   21  11  17  26  84   0   226   0   0   0  34  -25
marjanovic,boban  det  C 34  292   72  132   0   0  47   58  46  130    9   6  10  12  25   0   191   0   0   0   0   32
martin,jarell     mem PF 42  555   58  152   9  26  40   50  42  162    8  18  28   9  91   1   165   0   0   0   3  -70
matthews,wesley   dal SG 73 2493  333  847 174 479 146  179  21  263  210  74 102  16 161   1   986   8   0   0  73 -192
mbah_a_moute,luc  lac SF 80 1784  191  378  43 110  59   87  46  174   39  81  47  35 122   0   484   0   0   0  76  263
mcadoo,james      gsw PF 51  458   62  118   2   8  21   42  34   91   19  18  19  29  47   0   147   0   0   0   2  -38
mccaw,patrick     gsw PG 70 1075  106  245  41 123  29   37  22  101   78  32  36  15  62   0   282   0   0   0  20  -41
mcclellan,sheldo  was SG 30  287   30   75   7  30  23   27   4   34   15   8   5   2  17   0    90   0   0   0   3  -55
mccollum,c.j.     por SG 80 2787  692 1442 185 441 268  294  60  294  286  72 172  45 202   1  1837   4   0   0  80   60
mcconnell,t.j.    phi PG 81 2135  236  512  11  55  73   90  38  249  535 136 160  10 139   0   556   0   0   0  51 -317
mccullough,chris  was PF 16   81   16   32   1   7   3    5   9   20    2   2   3   2   7   0    36   0   0   0   0   50
mcdaniels,k.j.    bro SG 49  507   77  170  20  67  32   38  15   81   13  18  29  18  49   0   206   0   0   0   0  -45
mcdermott,doug    okl SF 66 1506  222  498  77 208  71   84  21  180   59  13  38   5  79   0   592   2   0   0   5  -29
mcgee,javale      gsw  C 77  738  208  319   0   4  56  111 100  243   17  20  40  67 109   0   472   2   0   0  10  312
mcgruder,rodney   mia SG 78 1965  189  459  73 220  44   71  92  256  125  45  57  18 140   0   495   1   0   0  65    7
mclemore,ben      sac SG 61 1176  180  419  65 169  70   93  19  128   51  29  63   6 108   0   495   0   0   0  27 -134
mcrae,jordan      cle SG 36  384   58  150  18  51  27   34   6   40   19   8  14   6  31   0   161   1   0   0   4  -60
mcroberts,josh    mia PF 22  381   44  117  13  31   6    9  24   75   50  10  23   4  31   0   107   1   0   0  14  -73
meeks,jodie       orl SG 36  739  103  256  56 137  65   74   5   77   45  34  36   4  41   0   327   0   0   0  10 -103
mejri,salah       dal  C 73  904   88  137   1   3  36   61  96  309   13  32  40  62 152   1   213   4   0   0  11  -18
mickey,jordan     bos PF 23  142   15   34   0   1   8   14  13   34    7   3   9   6  12   0    38   0   0   0   1  -56
middleton,khris   mil SG 29  892  150  333  45 104  81   92  12  122   99  41  65   7  79   1   426   2   0   0  23   90
miles,c.j.        ind SF 76 1779  281  647 169 409  84   93  30  228   48  46  41  26 152   1   815   0   0   0  29   76
miller,mike       den SG 19  152    9   23   8  20   2    2   3   39   22   2  12   0   9   0    28   0   0   0   0   -5
mills,patty       san PG 80 1754  273  622 147 356  66   80  24  142  279  66 101   3 109   0   759   0   0   0   8  410
millsap,elijah    pho SG  2   23    1    7   0   2   1    2   3    6    1   0   2   0   2   0     3   0   0   0   0   -6
millsap,paul      atl PF 69 2342  430  972  75 241 311  405 111  535  251  90 160  61 186   0  1246   8   0   0  67  135
mirotic,nikola    chi PF 70 1680  258  624 129 377  99  128  60  382   76  53  79  56 128   0   744   2   0   0  15  198
monroe,greg       mil  C 81 1819  387  726   0   5 177  239 166  531  186  90 141  37 169   0   951   8   0   0   0  137
moore,e'twaun     nor SG 73 1815  283  621  77 207  57   74  33  152  162  51  62  33 131   0   700   2   0   0  22 -110
morris,marcus     det PF 79 2566  421 1009 118 358 145  185  79  369  160  52  87  25 168   2  1105   6   0   0  79 -105
morris,markieff   was PF 76 2371  406  887  71 196 180  215 108  492  127  82 130  44 254   4  1063  11   0   0  76  179
morrow,anthony    chi SG 48  711   98  251  41 133  34   37  12   31   25  23   7   2  44   0   271   2   0   0   7   21
motiejunas,donat  nor PF 34  479   57  138  11  47  25   49  28  104   34  18  30  11  55   0   150   0   0   0   0 -120
mozgov,timofey    lal  C 54 1104  169  328   0   1  63   78 106  267   43  16  72  32 133   2   401   3   0   0  52 -194
mudiay,emmanuel   den PG 55 1409  208  551  56 177 131  167  30  180  217  43 123  13  95   0   603   0   0   0  41 -132
muhammad,shabazz  min SF 78 1514  288  600  49 147 147  190  85  221   35  22  57   6  86   0   772   0   0   0   1  -76
murray,dejounte   san PG 34  318   50  116   9  23  21   30   6   42   49   8  38   5  29   0   130   0   0   0   8    7
murray,jamal      den SG 82 1763  295  729 115 343 106  120  41  212  171  54 114  24 124   0   811   1   0   0   9   77
muscala,mike      atl PF 70 1238  170  337  46 110  49   64  77  240   94  29  54  44  97   0   435   0   0   0   3  -76
nance,larry       lal PF 63 1438  191  364  10  36  59   80 121  370   97  82  56  39 149   0   451   0   0   0   7 -133
napier,shabazz    por PG 50  514   73  185  34  94  38   49   8   60   67  33  41   2  38   0   218   0   0   0   2   22
ndour,maurice     nyk SF 32  334   39   84   1   7  19   26  23   65    8  15  14   7  30   0    98   1   0   0   4   -2
neal,gary         atl PG  2   19    0    7   0   2   4    4   0    1    1   0   0   0   1   0     4   0   0   0   0   -5
nelson,jameer     den PG 75 2046  268  604 106 273  45   63  27  189  385  53 129   8 197   0   687   4   0   0  40  128
neto,raul         uta PG 40  345   41   92  10  31   8    9   4   30   34  21  15   5  48   0   100   0   0   0   0   84
niang,georges     ind SF 23   94    9   36   1  12   2    2   2   17    5   3   5   0   6   0    21   0   0   0   0    4
nicholson,andrew  bro PF 38  342   43  111   5  27   9   14  15   61   10  16  17   6  55   0   100   1   0   0   0 -129
noah,joakim       nyk  C 46 1014   99  200   0   1  34   78 160  399  103  30  58  37 127   3   232   5   0   0  46 -143
noel,nerlens      dal PF 51 1043  184  310   0   1  77  111  95  296   50  64  51  51 126   0   445   1   0   0  19  -83
nogueira,lucas    tor  C 55 1090  103  156   3  12  44   67  81  242   42  49  46  90 137   0   253   0   0   0   6  178
novak,steve       mil SF  8   24    2    7   1   6   0    0   0    3    0   0   0   0   1   0     5   0   0   0   0    0
nowitzki,dirk     dal PF 54 1420  296  678  79 209  98  112  23  351   82  30  51  38 113   0   769   0   0   0  54  -13
nurkic,jusuf      por  C 65 1392  271  533   0   1 120  210 157  466  119  49 143  75 161   0   662   1   0   0  48  -53
nwaba,david       lal PG 20  398   47   81   1   5  25   39  16   62   14  12  11   7  36   0   120   0   0   0   2    9
o'bryant,johnny   cha PF 10   81   15   30   3   6   5    6   9   19    6   0   6   1  10   0    38   0   0   0   0  -23
o'quinn,kyle      nyk PF 79 1227  215  413   2  17  64   83 157  437  117  37  76 105 174   1   496   1   0   0   8 -161
ochefu,daniel     was PF 19   76   12   27   0   0   0    2   5   22    3   2   3   0  17   0    24   0   0   0   0  -30
okafor,jahlil     phi  C 50 1134  242  471   0   0 106  158  82  241   58  19  90  50 122   1   590   1   0   0  33 -322
oladipo,victor    okl SG 67 2225  412  929 127 352 116  154  39  290  176  77 119  22 155   0  1067   0   0   0  67  175
olynyk,kelly      bos  C 75 1533  260  510  68 192  90  123  72  360  148  42  96  28 207   2   678   2   0   0   6   16
onuaku,arinze     orl PF  8   28    2    4   0   0   0    0   2    6    2   0   2   1   3   0     4   0   0   0   0  -15
onuaku,chinanu    hou PF  5   50    5    7   0   0   4    4   2   10    3   3   4   1   6   0    14   0   0   0   1  -45
oubre,kelly       was SF 79 1608  186  443  54 188  75   99  62  262   48  56  49  18 195   1   501   3   0   0   5  -42
pachulia,zaza     gsw  C 70 1264  164  306   0   1  98  126 140  406  132  58  89  33 166   1   426   3   0   0  70  418
papagiannis,geor  sac  C 22  355   56  102   0   2  12   14  25   87   20   3  24  17  44   0   124   1   0   0   0  -30
parker,jabari     mil PF 51 1728  399  814  65 178 162  218  79  314  142  49  93  22 111   0  1025   0   0   0  50  -85
parker,tony       san PG 63 1587  265  569  23  69  85  117  10  113  285  34  89   2  92   0   638   0   0   0  63  177
parsons,chandler  mem SF 34  675   75  222  25  93  35   43   6   84   55  20  24   6  52   0   210   0   0   0  34  -47
patterson,lamar   atl SG  5   41    3   15   1   6   2    3   1    7    6   1   4   0   6   0     9   0   0   0   0   13
patterson,patric  tor PF 65 1600  154  384  94 253  43   60  62  291   77  42  38  23 120   1   445   3   0   0   8  347
paul,chris        lac PG 61 1919  374  785 124 302 232  260  42  306  564 119 147   8 146   0  1104   9   0   0  61  579
payne,adreian     min PF 18  134   23   54   3  15  14   19   9   33    7   8   8   7  32   0    63   1   0   0   0    9
payne,cameron     chi PG 31  464   64  193  27  86   5    8   3   48   55  14  30   5  52   0   160   1   0   0   0  -69
payton,elfrid     orl PG 82 2412  430  910  40 146 146  211  90  390  529  86 179  40 177   1  1046   2   0   0  58 -147
payton,gary       mil SG  6  100    8   22   1   9   3    5   0   12   13   3  10   4   9   0    20   0   0   0   0  -58
pierce,paul       lac SF 25  278   28   70  15  43  10   13   1   48   10   4  16   5  40   0    81   0   0   0   7   28
plumlee,marshall  nyk  C 20  170   16   29   0   0   8   19  23   51   10   4  12   4  23   0    40   0   0   0   1   -6
plumlee,mason     den PF 81 2146  334  625   0   6 174  300 172  611  284  70 135  93 226   3   842   4   0   0  64   -1
plumlee,miles     cha  C 45  485   44   92   0   0  25   39  37   96   21  18  30  13  73   0   113   0   0   0  12  -66
poeltl,jakob      tor  C 54  624   67  115   0   0  31   57  78  165   12  18  30  20 113   2   165   0   0   0   4   -6
porter,otto       was SF 80 2602  414  804 148 342  99  119 117  514  121 116  42  41 193   1  1075   0   0   0  80  192
portis,bobby      chi PF 64 1000  183  375  32  96  39   59  75  293   34  16  37  11  94   0   437   1   0   0  13  -80
porzingis,krista  nyk PF 66 2165  443  984 112 313 198  252 112  472   97  47 118 129 244   6  1196   2   0   0  65  -99
powell,dwight     dal PF 76 1328  194  376  21  74 107  141  95  309   49  60  35  40 135   1   516   0   0   0   3 -167
powell,norman     tor SG 76 1364  227  507  56 173 126  159  26  167   81  50  70  14 127   0   636   1   0   0  18   83
poythress,alex    phi SF  6  157   25   54   6  19   8   10  11   28    5   3   3   1  14   0    64   0   0   0   1  -36
price,ronnie      pho PG 14  135    4   24   3  17   3    4   3   11   18  11   3   1  14   0    14   0   0   0   0  -43
prince,taurean    atl SF 59  981  114  286  33 102  74   94  25  156   53  44  62  26  96   0   335   0   0   0  10  -29
quarterman,tim    por SG 15   79   13   27   5  11   0    3   4   14   11   2  11   3   6   0    31   0   0   0   0    1
randle,chasson    na  PG 26  297   40   98  16  47  41   43   7   35   34   9  19   2  39   0   137   0   0   0   0  -11
randle,julius     lal PF 74 2131  377  775  17  64 204  282 151  635  264  49 174  37 248   2   975   7   0   0  73 -453
randolph,zach     mem PF 73 1784  433  962  21  94 141  193 183  598  122  38 100  11 136   1  1028   1   0   0   5   75
redick,jj         lac SG 78 2197  396  891 201 468 180  202  12  170  110  56  98  13 125   0  1173   2   0   0  78  472
reed,willie       mia PF 71 1028  162  285   1   5  49   88 130  333   26  16  32  48 137   0   374   1   0   0   5   36
richardson,josh   mia SG 53 1613  202  510  75 225  60   77  34  167  139  61  65  40 132   0   539   2   0   0  34    7
richardson,malac  sac SG 22  198   28   68   8  28  15   19   3   23   11   5   8   1  23   0    79   0   0   0   0  -17
rivers,austin     lac SG 74 2054  323  731 111 299 132  191  20  161  202  49 116  10 187   2   889   5   0   0  29   -5
roberson,andre    okl SG 79 2380  215  463  45 183  47  111  98  402   79  94  51  81 204   2   522   1   0   0  79  145
roberts,brian     cha PG 41  412   46  122  17  44  33   39   5   40   53   9  26   1  18   0   142   0   0   0   2  -58
robinson,glenn    ind SG 69 1426  158  339  50 126  54   76  57  246   47  42  37  21  63   0   420   0   0   0  27  -72
robinson,thomas   lal PF 47  559  105  196   0   1  31   66  84  223   31  27  46  10  76   0   241   2   0   0   1  -82
rodriguez,sergio  phi PG 68 1516  210  536  92 252  18   27  21  161  345  48 128   4  95   0   530   0   0   0  30 -137
rondo,rajon       chi PG 69 1845  229  561  50 133  30   50  74  359  459 100 168  11 144   0   538   1   0   0  42  -60
rose,derrick      nyk PG 64 2084  460  977  13  60 221  253  65  245  283  44 147  17  84   0  1154   1   0   0  64 -165
ross,terrence     orl SF 78 1953  326  747 142 393  64   77  18  208   88  88  68  33 143   1   858   2   0   0  24  126
rozier,terry      bos PG 74 1268  151  412  57 180  51   66  40  226  129  45  47   8  69   0   410   3   0   0   0  -12
rubio,ricky       min PG 75 2467  261  649  60 196 254  285  69  307  680 127 196  10 202   1   836   0   0   0  75   -9
rudez,damjan      orl SF 44  312   31   88  20  64   0    0   6   26   20  12   9   1  31   0    82   0   0   0   0  -76
rush,brandon      min SG 47 1030   70  188  44 114  13   18  17  100   45  21  28  22  42   0   197   0   0   0  33  -40
russell,d'angelo  lal PG 63 1813  351  867 135 385 147  188  32  223  302  87 175  17 130   1   984   5   0   0  60 -357
sabonis,domantas  okl PF 81 1630  192  481  51 159  44   67  45  287   81  39  85  33 200   2   479   0   0   0  66   16
sanders,larry     cle  C  5   12    1    4   0   0   2    2   3    4    0   1   2   1   5   0     4   0   0   0   0   -1
saric,dario       phi SF 81 2126  381  928 106 342 170  218 112  514  182  59 185  29 162   1  1038   2   0   0  36 -307
satoransky,tomas  was SG 57  721   61  146   9  37  23   33  25   82   91  26  38   6  60   0   154   0   0   0   3   11
schroder,dennis   atl PG 79 2488  548 1214 100 294 218  255  42  251  499  74 256  16 149   0  1414   2   0   0  78  -76
scola,luis        bro PF 36  462   71  152  17  50  25   37  52  139   37  14  34   4  63   0   184   0   0   0   1  -83
scott,mike        atl PF 18  198   17   58   4  27   7    8  10   37   17   4   8   3  12   0    45   0   0   0   0  -42
sefolosha,thabo   atl SF 62 1595  174  394  41 120  55   75  52  270  107  92  59  31  97   0   444   2   0   0  42  -65
selden,wayne      na  SG 14  236   25   58   7  28  14   22   1   16   13   6  12   1  18   0    71   0   0   0   5  -42
seraphin,kevin    ind  C 49  560  109  198   0   2  14   22  42  143   23   7  29  19  66   0   232   0   0   0   3 -100
sessions,ramon    cha PG 50  810  100  263  21  62  91  118  11   74  129  24  46   3  43   0   312   0   0   0   1  -80
shumpert,iman     cle SG 76 1937  201  489  94 262  71   90  40  220  109  63  78  27 150   0   567   4   0   0  31   42
siakam,pascal     tor SF 55  858  103  205   1   7  22   32  63  184   17  26  33  45 109   0   229   0   0   0  38  -52
simmons,jonathon  san SG 78 1395  177  421  30 102  99  132  20  160  126  47  76  25 146   1   483   0   0   0   8  210
singler,kyle      okl SF 31  383   34   83   7  37  13   17   8   48    9   7  11   6  29   0    88   0   0   0   2    9
smart,marcus      bos PG 79 2403  269  748  94 331 203  250  78  306  365 124 159  33 192   0   835   9   0   0  24  131
smith,ish         det PG 81 1957  329  748  28 105  72  102  20  232  419  62 111  33 127   0   758   1   0   0  32   48
smith,j.r.        cle SG 41 1186  123  356  95 271  10   15  17  113   60  41  26  11  77   0   351   1   0   0  35   73
smith,jason       was PF 74 1065  174  330  37  78  35   51  65  259   37  21  58  54 168   2   420   1   0   0   3  -10
snell,tony        mil SF 80 2335  246  542 144 355  47   58  22  247   96  55  54  14 125   0   683   0   0   0  80 -117
speights,marrees  lac  C 82 1285  244  547 103 277 120  137  89  374   68  22  71  41 229   2   711   2   0   0   2  -34
splitter,tiago    phi  C  8   76   14   31   2   6   9   11   8   22    4   1   6   1   8   0    39   0   0   0   0   -4
stauskas,nik      phi SG 80 2187  251  633 132 359 122  150  20  224  188  46 128  31 144   0   756   1   0   0  27 -188
stephenson,lance  ind SG 18  361   54  120   6  20   8   13   5   54   59   5  26   3  32   0   122   1   0   0   0   11
stokes,jarnell    den PF  2    7    1    1   0   0   1    2   1    2    2   1   0   0   3   0     3   0   0   0   0    0
stone,diamond     lac  C  7   25    3   13   0   0   4    4   1    6    0   0   2   1   5   0    10   1   0   0   0  -27
stuckey,rodney    ind PG 39  692   91  244  19  60  80  107   6   84   84  16  53   0  44   0   281   0   0   0   0  -33
sullinger,jared   tor  C 11  119   15   48   3  18   4    8  10   27    2   4   4   2  17   0    37   0   0   0   1  -29
tavares,edy       cle  C  1   24    3    4   0   0   0    1   4   10    1   0   2   6   3   0     6   0   0   0   0    4
tavares,walter    atl  C  1    4    1    1   0   0   0    2   0    1    0   0   0   0   0   0     2   0   0   0   0    6
taylor,isaiah     hou PG  4   52    1    7   0   2   1    2   1    3    3   1   0   1   6   0     3   0   0   0   0  -19
teague,jeff       ind PG 82 2658  402  909  90 252 360  415  32  332  639 101 216  32 165   1  1254   1   0   0  82   49
teletovic,mirza   mil PF 70 1135  156  418 104 305  35   45  11  163   48  12  37  13 109   0   451   1   0   0   2   72
temple,garrett    sac SG 65 1726  183  432  82 221  58   74  32  184  168  84  78  28 141   0   506   0   0   0  20 -178
terry,jason       mil SG 74 1365  105  243  73 171  24   29  15  107   99  44  36  20  95   0   307   1   0   0   0  107
thomas,isaiah     bos PG 76 2571  682 1471 245 645 590  649  43  206  449  69 208  12 167   0  2199  14   0   0  76  275
thomas,lance      nyk SF 46  968   97  244  38  85  43   51  32  146   35  20  25   5  85   0   275   0   0   0  15 -205
thompson,hollis   na  SG 40  753   77  200  32  95  19   29  19  110   35  20  11   6  69   0   205   0   0   0   9  -71
thompson,klay     gsw SG 78 2645  644 1377 268 646 186  218  50  289  160  66 127  39 139   0  1742   1   0   0  78  800
thompson,tristan  cle  C 78 2336  262  437   0   3 106  213 289  720   77  39  65  85 176   0   630   3   0   0  78  133
thornton,marcus   was SF 33  576   84  210  28  80  23   27  22   75   40  19  25   3  48   0   219   0   0   0   1 -147
tobey,mike        cha  C  2   25    1    4   0   0   0    0   2    3    1   0   1   0   2   0     2   0   0   0   0  -17
tolliver,anthony  sac PF 65 1480  155  351  90 229  61   82  51  235   77  32  56  20 109   0   461   0   0   0   9  -98
toupane,axel      na  SG  4   48    5    9   1   4   0    0   0    1    0   1   0   1   6   0    11   0   0   0   0  -11
towns,karl-antho  min PF 82 3032  802 1480 101 276 356  428 297 1004  220  59 212 103 241   0  2061   4   0   0  82  -24
tucker,p.j.       tor PF 81 2234  199  481  70 196  72   93 116  467   99 118  65  18 196   0   540  11   0   0  21  -76
turner,evan       por SG 65 1656  235  551  31 118  85  103  36  246  205  55  99  24 121   0   586   4   0   0  12 -178
turner,myles      ind PF 81 2541  444  870  40 117 245  303 138  585  108  72 105 174 262   2  1173   1   0   0  81  143
udrih,beno        det PG 36  560   92  197  11  32  32   34   6   57  132  13  37   0  29   0   227   0   0   0   0   82
ulis,tyler        pho PG 59 1122  184  438  21  79  55   71  21   97  226  47  77   5  73   0   444   0   0   0  15 -134
uthoff,jarrod     dal SF  9  116   16   38   3   9   5    7   8   23    9   2   3   4   8   0    40   0   0   0   0  -62
valanciunas,jona  tor  C 80 2065  391  703   1   2 176  217 229  763   57  38 106  64 216   0   959   5   0   0  80  108
valentine,denzel  chi SG 56  975  102  288  73 208  14   18  11  151   63  30  49   7  86   0   291   0   0   0   0  -18
vanvleet,fred     tor PG 33  294   39  110  11  29  18   22   4   41   35  17  15   2  36   0   107   0   0   0   0   65
varejao,anderson  gsw  C 14   91    5   14   0   0   8   11  12   27   10   3   8   3  16   0    18   0   0   0   1  -30
vasquez,greivis   bro PG  3   39    2    8   1   3   2    3   0    2    5   1   1   1   6   0     7   0   0   0   0  -13
vaughn,rashad     mil SG 41  457   57  156  26  81   2    5   4   49   23  21  14  10  32   0   142   0   0   0   2  -77
vonleh,noah       por PF 74 1265  130  270   7  20  60   94 130  388   31  31  64  27 154   3   327   1   0   0  41  -88
vucevic,nikola    orl  C 75 2159  483 1031  23  75 107  160 175  778  208  76 118  76 180   0  1096   4   0   0  55 -140
vujacic,sasha     nyk SG 41  408   42  136  23  74  17   24  11   56   52  14  16   2  38   0   124   1   0   0   4   -9
wade,dwyane       chi SG 60 1791  414  956  45 146 223  281  64  271  229  84 138  42 112   0  1096   6   0   0  59  -73
waiters,dion      mia SG 46 1383  281  663  85 216  82  127  18  153  201  40 103  20  95   0   729   3   0   0  43   84
walker,kemba      cha PG 79 2743  643 1450 240 601 304  359  44  313  434  86 168  20 119   0  1830   0   0   0  79  189
wall,john         was PG 78 2836  647 1433  89 271 422  527  57  331  829 159 322  50 151   0  1805  15   0   0  78  248
warren,t.j.       pho SF 66 2048  403  813  26  98 119  154 125  340   75  76  58  39 175   0   951   2   0   0  59 -281
watson,c.j.       orl PG 62 1010   96  248  32 105  57   66  15   88  115  44  47   2  84   0   281   0   0   0   9 -186
weber,briante     cha PG 20  205   25   60   1  10  11   16   8   25   22  13   8   1  16   0    62   0   0   0   0  -50
west,david        gsw PF 68  855  135  252   3   8  43   56  47  202  152  43  79  47 105   0   316   6   0   0   0  120
westbrook,russel  okl PG 81 2802  824 1940 200 583 710  840 139  868  841 135 436  31 190   0  2558  17   0   0  81  249
white,okaro       mia PF 35  470   33   87  12  34  20   22  26   83   21  10  18  10  52   0    98   1   0   0   0   68
whitehead,isaiah  bro SG 73 1644  204  507  44 148  91  113  31  181  192  43 143  35 175   1   543   1   0   0  26 -115
whiteside,hassan  mia  C 77 2515  543  973   0   0 225  358 295 1090   57  56 154 163 226   2  1311   6   0   0  77   96
wiggins,andrew    min SF 82 3050  709 1567 103 288 412  542 101  329  190  81 188  28 183   2  1933   0   0   0  82  -17
wilcox,c.j.       orl SG 22  111    8   31   3  15   2    2   4   12   12   2   6   1   8   0    21   0   0   0   0  -17
williams,alan     pho PF 46  705  138  267   0   1  70  112  94  290   23  28  38  34 125   1   346   2   0   0   0    5
williams,deron    na  PG 63 1634  261  593  85 232  90  109  14  145  357  32 137   8 137   1   697   2   0   0  44  -97
williams,derrick  cle PF 51  827  110  251  30  99  58   89  18  131   30  14  29   8  61   0   308   1   0   0  11  -55
williams,louis    hou SG 81 1992  427  998 163 445 402  457  26  203  240  80 159  20  92   0  1419   1   0   0   1   47
williams,marvin   cha PF 76 2300  297  704 124 353 131  150  89  494  106  58  60  55 134   0   849   0   0   0  76  -32
williams,reggie   nor SF  6   79    8   23   5  11   6    7   2    6    4   3   0   0   2   0    27   0   0   0   0  -24
williams,troy     na  SF 30  556   73  166  18  62  21   32  15   68   25  28  33  10  60   0   185   0   0   0  16  -76
wiltjer,kyle      hou PF 14   45    4   14   4  13   1    2   4   10    2   3   5   1   4   0    13   0   0   0   0  -34
winslow,justise   mia SF 18  627   80  229   7  37  29   47  23   94   65  27  33   6  52   0   196   1   0   0  15   -6
withey,jeff       uta  C 50  431   55  103   0   1  35   46  52  121    7  16  15  32  51   0   145   0   0   0   1  -23
wood,christian    cha PF 13  106   12   23   0   5  11   15  14   29    2   3   7   6  11   0    35   0   0   0   0   19
wright,brandan    mem PF 28  446   83  135   0   1  23   35  30   77   15  11  10  20  42   0   189   0   0   0   5   35
wright,delon      tor PG 27  447   49  115  10  30  42   55  15   47   57  27  24  12  31   0   150   0   0   0   0   90
young,james       bos SG 29  221   25   58  12  35   6    9   6   26    4  10   4   2  15   0    68   0   0   0   0  -38
young,joe         ind PG 32  137   26   72   5  23  11   15   1   17   15   4   5   0   5   0    68   1   0   0   0  -57
young,nick        lal SF 60 1555  272  631 170 419  77   90  25  137   58  39  36  14 137   0   791   5   0   0  60 -209
young,thaddeus    ind PF 74 2241  362  688  45 118  45   86 133  449  120 112  96  29 135   1   814   0   0   0  74   63
zeller,cody       cha  C 62 1721  253  443   0   1 133  196 135  405   99  58  65  63 189   2   639   0   0   0  58  210
zeller,tyler      bos  C 51  525   78  158   0   1  22   39  43  124   42   7  20  23  61   0   178   0   0   0   5   -2
zimmerman,stephe  orl ?? 19  109   10   31   0   0   3    5  11   35    4   2   3   5  17   0    23   0   0   0   0  -40
zipser,paul       chi SF 44  839   88  221  33  99  31   40  15  125   36  15  41  17  78   0   240   0   0   0  18   15
zubac,ivica       lal  C 38  610  126  237   0   3  32   49  40  157   30  14  30  34  66   0   284   0   0   0  11 -134
