Player           Team PS GP  Min  FGM  FGA  3M  3A FTM  FTA  OR   TR   AS  ST  TO  BK  PF  DQ   PTS  TC  EJ  FF Sta +/-  Notes
abrines,alex      okl SG 34  574   73  181  52 131  21   23   8   44   24  23  14   5  66   0   219   0   0   0   6   42
acy,quincy        bro SF 28  482   57  139  33  79  37   49  12   99   18  14  19  13  55   1   184   0   0   0   1  -20
adams,steven      okl  C 39 1155  169  311   0   1  67  131 161  301   40  36  71  36  96   1   405   3   0   0  39   49
afflalo,arron     sac SG 27  784   93  209  35  81  38   44   3   58   45  13  21   4  48   0   259   0   0   0  26 -120
ajinca,alexis     nor  C 18  289   49   92   0   1  19   26  24   84    5  11  14   9  41   0   117   0   0   0   5   20
aldrich,cole      min  C 25  129   11   22   0   0   1    1   8   29    5   6   7   6  24   0    23   0   0   0   0   -3
aldridge,lamarcu  san PF 35 1141  239  535   8  26  98  124  94  269   63  23  47  49  76   0   584   0   0   0  35   73
allen,lavoy       ind PF 31  506   58  109   0   0  19   27  75  151   28  13  21  15  45   0   135   0   0   0   5    0
allen,tony        mem SG 37  963  136  305   9  34  32   59  84  207   59  53  50  14  90   2   313   0   0   0  34    7
aminu,al-farouq   por SF 38 1133  124  296  49 133  75  102  52  288   47  36  61  30  64   0   372   1   0   0   5  -28
anderson,alan     lac SG 16  151   15   39   7  23   8    9   0    9    5   1   2   0  18   0    45   0   0   0   0  -48
anderson,justin   phi SF 38  646  100  217  30 101  50   62  36  126   43  20  35   7  55   0   280   3   0   0   8  -62
anderson,kyle     san SF 36  563   59  133   8  24  28   37  19  119   58  29  22  16  35   0   154   0   0   0   5  106
anderson,ryan     hou PF 31  841  128  317  89 223  59   72  44  113   28  10  22   3  62   0   404   1   0   0  31  147
antetokounmpo,gi  mil SF 40 1454  310  614  22  85 244  322  66  349  212  59 114  67 112   2   886   2   0   0  40  -52
anthony,carmelo   nyk SF 34 1212  288  652  72 198 130  160  32  200   88  24  84  15  93   1   778   1   0   0  34 -134
anthony,joel      san  C 18  123   10   16   0   0   5    8   8   31    3   2   4   6  11   0    25   0   0   0   0  -13
ariza,trevor      hou SF 39 1372  141  372  77 257  57   72  27  247   86  65  40   8  63   0   416   1   0   0  39  146
artest,ron        lal PF 11   88   14   46   7  25   6   10   2   13    7   7   5   0   5   0    41   0   0   0   1    2
arthur,darrell    den PF 24  387   57  136  32  76  16   19  18   75   26  16  17  15  40   0   162   0   0   0   2    6
asik,omer         nor  C  2    9    0    0   0   0   0    0   0    1    0   0   2   0   6   0     0   0   0   0   0  -14
augustin,d.j.     orl PG 37  701   77  224  34 112  66   86  10   59   80  12  43   1  41   0   254   1   0   0   0 -306
babbitt,luke      mia SF 36  564   60  138  54 118   4    4   7   79   21  13  15   5  74   0   178   2   0   0  36   44
baker,ron         nyk SG 36  693   62  167  18  63  19   31   9   73   86  28  45   4  64   0   161   0   0   0  13 -103
baldwin,wade      mem PG 10  102   10   31   1   4   4    5   4   13   13   6   9   1  12   0    25   0   0   0   0  -49
barbosa,leandro   pho SG 27  434   74  181  13  48  28   31   8   48   32  12  28   4  40   1   189   0   0   0   0  -18
barea,j.j.        dal PG 19  365   71  171  30  82  13   18   4   37  111   5  36   0  18   0   185   0   0   0   1   27
barnes,harrison   dal SF 38 1334  258  564  33  95 123  142  41  180   58  31  50   3  57   0   672   0   0   0  38  -27
barnes,matt       gsw SF 36  831   87  214  41 119  36   40  32  200   91  23  47  14  91   0   251   3   0   0   6   50
barton,will       den SF 31  866  153  351  45 133  65   88  30  130  121  20  51  18  54   0   416   0   0   0   3   17
bass,brandon      lac PF 27  289   55   96   0   1  48   56  24   73    8   9  13   6  25   0   158   0   0   0   0  -54
batum,nicolas     cha SG 39 1305  205  502  74 216 111  127  20  203  233  44 102  14  49   0   595   0   0   0  39  -39 Out 8 weeks.
baynes,aron       det  C 36  579   84  153   0   0  37   47  71  181   20   4  20  28  82   0   205   0   0   0   1   65
bazemore,kent     atl SF 34  899  148  329  48 123  53   75  21  105   75  41  62  29  74   2   397   0   0   0  28  -35
beal,bradley      was SG 40 1419  353  702 117 290 134  160  31  137  137  50  89  11  88   0   957   1   0   0  40  183
beasley,malik     den SG 10  108   21   41   5  15   4    4   4   11    8   5   8   0   6   0    51   1   0   0   1   26
beasley,michael   mil SF 21  341   88  158   6  18  28   40  13   66   14  10  23  12  29   0   210   0   0   0   6  -50
belinelli,marco   cha SG 38  889  134  313  44 145  92  100   7   83   81  22  38   4  43   0   404   0   0   0   0   57
bembry,deandre    atl SF 21  264   32   67   1  12   2    8  10   42   25   6  10   5  15   0    67   0   0   0   1  -31
bender,dragan     pho PF  9  136   14   52   4  30   1    3  11   29   10   1   7   5  24   0    33   1   0   0   0  -35
bentil,ben        dal PF  3   10    0    3   0   1   0    0   0    2    0   0   1   0   1   0     0   0   0   0   0  -12
bertans,davis     san SF 32  472   67  153  44 109  14   17  15   61   26  14  19  14  42   0   192   0   0   0   5   47
beverley,patrick  hou PG 40 1220  138  334  66 177  54   72  47  228  162  58  59  13 131   3   396   7   0   0  40  159
biyombo,bismack   orl  C 41  788   91  167   0   0  63  107  73  265   29  10  42  36 106   0   245   2   0   0   4 -207
bjelica,nemanja   min PF 26  533   65  149  19  59  16   25  35  120   37  16  25  14  68   0   165   0   0   0   0    1
black,tarik       lal  C 38  655   89  169   1   1  35   51  79  191   22  18  38  27  97   1   214   0   0   0  16  -72
bledsoe,eric      pho PG 25  834  162  398  46 122 187  216  15  114  174  31  95  12  54   0   557   1   0   0  25  -26
bogdanovic,bojan  was SG 40  993  178  400  67 186 117  126  21  145   47  16  72   5  71   0   540   0   0   0  14   31
bogut,andrew      cle  C  5   65    6   10   0   0   0    0   5   17    4   1   5   4  13   0    12   0   0   0   1   -6
bolomboy,joel     uta PF  3   33    6   11   1   3   1    2   3    8    1   0   1   1   0   0    14   0   0   0   0   14
booker,devin      pho SG 38 1366  308  726  75 203 220  263  24  140  146  34 131  11 117   2   911   4   0   0  38 -117
booker,trevor     bro PF 33  722  144  279  11  34  30   44  61  234   46  21  58  10  66   0   329   2   0   0   5  -58
bradley,avery     bos PG 19  579  103  236  32  91  20   30  25   86   35  21  24   3  43   0   258   0   0   0  19   71
brewer,corey      lal SF 41  660   79  189  12  53  30   39  17   87   54  37  29  10  61   0   200   0   0   0   5  -65
brogdon,malcolm   mil SG 34  969  146  313  37  96  58   69  22   95  154  43  51   7  64   0   387   0   0   0  17   32
brooks,aaron      ind PG 27  326   37  103  18  44  10   15   6   26   34   4  21   1  33   0   102   2   0   0   0  -35
brown,anthony     orl SF  2   16    4    9   1   3   0    0   2    7    2   0   1   0   2   0     9   0   0   0   0   15
brown,bobby       hou PG 16   95   21   46  13  29   2    2   0    2   14   1   4   0   3   0    57   0   0   0   0   -5
brown,jaylen      bos SF 38  817  116  251  33  93  59   84  23  145   39  23  44   7  87   0   324   0   0   0  17  -92
brussino,nicolas  dal SF 25  338   39  101  22  67  11   15  18   64   26   8  17   4  29   1   111   0   0   0   2 -103
bullock,reggie    det SF 27  425   47  112  26  66   5    7  10   60   28  17   9   1  22   0   125   1   0   0   5   49
burke,trey        was PG 20  243   44   93  13  30   8    9   2   21   44   3  20   2  20   0   109   0   0   0   0  -49
burks,alec        uta SG 37  634   95  239  25  74  58   74  17  119   29  18  34   5  50   0   273   0   0   0   0   -7
butler,jimmy      chi SG 37 1376  269  587  42 109 258  302  59  207  238  75  77  18  44   0   838   0   0   0  36   95
caboclo,bruno     tor SF  1   17    5   11   1   3   0    0   2    4    1   0   0   1   1   0    11   0   0   0   0   -3
calderon,jose     atl PG 26  338   29   79  10  39   7    8   8   40   52   6  19   0  21   0    75   0   0   0   4    6
caldwell-pope,ke  det SG 36 1186  162  440  65 219  77   93  21  112   75  38  35   5  51   0   466   5   0   0  35 -185
canaan,isaiah     chi PG 10   74    6   21   3  11   6    6   0    5    7   3   1   0   2   0    21   0   0   0   0  -18
capela,clint      hou  C 37  866  211  326   0   0  65  112 112  302   38  23  50  36 104   0   487   1   0   0  31  166
carroll,demarre   tor SF 36  927   91  253  42 143  41   55  32  143   44  39  31  14  66   0   265   2   0   0  36    3
carter,vince      mem SG 39  998   99  248  60 147  53   63  19  111   76  33  29  20  85   0   311   5   0   0  15   79
carter-williams,  chi PG 31  541   74  192  11  38  34   47  13   91   78  27  40  18  65   1   193   1   0   0  11    2
casspi,omri       min SF 14  247   24   48   4  14   5    8   7   22   11  13  12   2  27   0    57   0   0   0   0  -96
cauley-stein,wil  sac  C 41 1047  192  367   0   1  86  118  58  267   70  39  51  33  84   1   470   0   0   0  21  -88
chandler,tyson    pho  C 15  406   53   79   0   0  41   49  44  152   11  14  17  10  33   0   147   1   0   0  15  -32
chandler,wilson   den SF 34 1058  199  421  53 155  70   96  50  204   68  25  53  19  84   2   521   1   0   0  20   50
chriss,marquese   pho PF 41 1006  173  369  43 133  69  113  53  207   34  45  58  49 143   1   458   4   0   0  41 -232
christmas,rakeem  ind PF 25  205   18   38   0   0  20   28  26   54    3   3   8   5  36   0    56   0   0   0   0  -34
christon,semaj    okl PG 27  418   27   78   5  24   8   12   7   39   40  13  17   4  34   0    67   1   0   0   1  -37
clark,ian         gsw SG 39  602  108  228  25  78  16   20  13   69   48  19  37   4  41   0   257   0   0   0   0  -12
clarkson,jordan   lal PG 41 1275  252  566  62 196  73   89  15  125  125  38  88   4  79   0   639   0   0   0  16 -285
cole,norris       okl PG 13  124   16   52   3  13   8   10   0   11   14   8   7   0  18   0    43   0   0   0   0  -16
collison,darren   sac PG 35 1091  185  383  37  84  72   82  10   91  170  36  63   7  65   0   479   0   0   0  35  -80
collison,nick     okl PF  9   63    8   13   0   1   3    5   6   19    5   1   1   1  10   0    19   0   0   0   0  -47
conley,mike       mem PG 40 1362  286  601 105 259 193  223  15  139  258  55  93   7  73   0   870   0   0   0  40  173
connaughton,pat   por SG 21  221   28   58  15  30   3    3   8   39   22   5  15   1  17   0    74   0   0   0   1  -28
cook,quinn        na  PG 13  188   33   65  11  26   2    5   1    7   26   4  13   0  13   0    79   0   0   0   0  -41
cousins,demarcus  nor  C 32 1078  275  606  60 174 213  279  72  396  159  42 133  39 131   4   823   7   0   0  32  -40
covington,robert  phi SF 29  970  155  363  69 189  83   98  42  218   45  64  58  37  91   1   462   2   0   0  29  -26
crabbe,allen      por SG 38 1052  145  311  67 151  38   46   6   98   43  31  25  12  86   0   395   0   0   0   1    9
crawford,jamal    lac SG 41 1068  178  420  66 165  90  108  11   67  101  34  62   6  58   0   512   3   0   0   0  -32
crawford,jordan   nor SG 19  442  105  218  37  95  20   26   4   34   58  11  25   2  30   0   267   0   0   0   0   16
crowder,jae       bos SF 39 1286  183  410  82 218 121  155  32  252   83  37  44  11  87   1   569   3   0   0  39  190
cunningham,dante  nor PF 38  951  112  204  40 102  11   18  38  160   18  20  12  14  51   0   275   1   0   0  17  -63
curry,seth        dal SG 33 1048  194  385  76 172  54   60  11   97   90  33  49   1  65   0   518   0   0   0  33    1 Expected to be out until at least Oct 20
curry,stephen     gsw PG 38 1261  341  726 168 398 140  162  36  180  276  71 115   9  88   0   990   2   0   0  38  502
daniels,troy      mem SG 37  592   83  237  68 183  17   22  12   55   23   8  27   0  43   0   251   1   0   0   0    7
davis,anthony     nor PF 37 1293  368  720  19  64 230  284  82  425   76  46  84  69  78   0   985   0   0   0  37   65
davis,deyonta     mem PF 15   73    4   13   0   0   4    7   5   18    0   2   0   5  11   0    12   0   0   0   0  -35
davis,ed          por PF  8  129   17   27   0   0   8   18  16   40    5   2   6   1  22   1    42   0   0   0   1  -66
dedmon,dewayne    san  C 41  784   93  143   0   0  35   49  73  291   28  20  41  33  99   1   221   0   0   0  35   72
dekker,sam        hou SF 36  649   94  200  27  88  19   35  35  117   31  13  13  10  42   0   234   0   0   0   2   25
delaney,malcolm   atl PG 32  534   52  160  11  51  32   42   6   53   69  18  29   0  51   0   147   0   0   0   2  -74
dellavedova,matt  mil PG 40 1025  110  273  45 112  46   52   9   67  164  20  68   0  83   0   311   0   0   0  24  -46
deng,luol         lal SF 16  383   36  102  10  42  12   13  14   60    9   9  10   8  14   0    94   0   0   0   9  -91
derozan,demar     tor SG 33 1168  304  665  19  66 235  282  29  162  133  23  82   6  55   0   862   6   0   0  33   -1
diallo,cheick     nor PF  9  114   20   43   0   1   8   11  14   47    2   2   5   5   9   0    48   0   0   0   0  -33
diaw,boris        uta  C 41  683   84  190   7  43  15   22  29   91  104  11  39   7  42   0   190   1   0   0  14  -49
dieng,gorgui      min  C 41 1312  147  309  10  23  75   86  92  336   77  49  44  49 120   2   379   2   0   0  41   12
dinwiddie,spence  bro PG 41  996  102  228  33  84 101  127  19  119  138  33  39  16  79   0   338   0   0   0  14  -69
douglas,toney     mem PG 18  288   29   81   4  31  20   24  11   44   40  12  17   4  41   0    82   0   0   0   0   -2
dragic,goran      mia PG 40 1326  306  624  67 164 178  229  40  154  213  59 107   6 106   0   857   1   0   0  40  193
drummond,andre    det  C 41 1179  229  441   1   5  57  177 189  582   46  63  72  38 120   1   516   1   0   0  41 -134
dudley,jared      pho SF 34  682   71  171  33 103  20   28  14  118   71  20  33   9  76   1   195   1   0   0   0    0
dunleavy,mike     atl SF 27  418   49  112  27  67  18   21  12   58   28   8  12   5  30   0   143   0   0   0   0  -60
dunn,kris         min PG 37  650   56  149  11  37  10   17  10   77   93  38  37  19  91   1   133   2   0   0   2  -51 Out 4 weeks.
durant,kevin      gsw SF 21  662  177  330  37 109 105  116  15  162  109  19  45  30  36   0   496   2   0   0  21  263
eddie,jarell      pho SG  5   62    6   19   4  16   8    9   1    7    0   1   1   0   1   0    24   0   0   0   0   -5
ellenson,henry    det PF  7   98   17   46   6  22   4    8   6   29    4   1  10   1   5   0    44   0   0   0   2    9
ellington,wayne   mia SG 41  940  148  352 107 263  18   21  14   97   38  24  21   2  45   0   421   0   0   0   3  175
ellis,monta       ind SG 41 1061  140  313  27  77  37   62  13  106  128  42  68  13  81   0   344   1   0   0  10  -36
embiid,joel       phi  C  1   28   11   20   4   6   6    6   1    7    4   3   5   2   3   0    32   0   0   0   1    0
ennis,james       mem SF 37  817   73  165  25  74  39   52  37  144   33  22  36  13  86   2   210   0   0   0  12   -8
ennis,tyler       lal PG 30  419   68  152  22  56  19   22   6   30   59  21  25   2  32   0   177   0   0   0   2   51
evans,tyreke      sac SG 27  563  105  261  30  80  47   69  10   96   75  27  43   6  40   0   287   0   0   0   6 -122
exum,dante        uta PG 36  617   85  193  23  75  33   43  17   72   58  13  48   4  73   0   226   0   0   0  10   69
faried,kenneth    den PF 24  478   91  169   0   1  49   71  64  165   22  14  17   9  45   0   231   1   0   0  17   25
favors,derrick    uta PF 24  597  111  209   1   5  24   40  56  149   31  23  29  15  46   0   247   0   0   0  20   33
felder,kay        cle PG 17  144   20   52   3   7   6   10   1   12   19  11  20   4  12   0    49   0   0   0   0  -37
felicio,cristian  chi PF 33  551   70  113   0   0  31   48  43  145   19  14  19  11  54   0   171   0   0   0   0  -18
felton,raymond    lac PG 41  877  113  261  19  70  27   35  18  120  107  32  39   8  58   0   272   0   0   0   5 -123
ferrell,yogi      dal PG 36 1049  142  345  60 150  64   73  16   98  156  42  56   7  79   0   408   0   0   0  29  -73
finney-smith,dor  dal SF 41  788   58  169  24  90  25   34  30  119   30  29  19  11  56   0   165   0   0   0   8  -54
forbes,bryn       san SG 20  223   31   84  16  46   4    5   2   18   23   0  11   0  12   0    82   0   0   0   0  -10
fournier,evan     orl SG 32 1046  190  436  66 186 109  139  24   99   82  30  67   2  82   1   555   0   0   0  31 -103
foye,randy        bro SG 41  814   73  199  40 122  33   37   7   94   80  22  43   4  63   0   219   1   0   0  39 -118
frazier,tim       nor PG 32  593   46  132  11  51  33   49  13   61  114  18  30   0  51   0   136   0   0   0  12  -28
frye,channing     cle PF 40  752  128  273  67 176  34   41  19  178   22  16  31  24  68   0   357   0   0   0  13   59
gallinari,danilo  den SF 26  866  151  321  56 141 160  173  19  139   53  15  28   6  33   0   518   0   0   0  26  155
galloway,langsto  sac SG 34  648   73  194  45 108  23   27  13   67   41  11  20   2  40   0   214   0   0   0   2   18
garino,patricio   orl SG  5   43    0    7   0   5   0    0   1    7    0   0   3   0   4   0     0   0   0   0   0  -14
gasol,marc        mem  C 35 1207  253  539  53 137 129  152  29  229  174  26  91  44  82   0   688   1   0   0  35   21
gasol,pau         san  C 25  597  117  239  36  61  65   83  46  189   43   8  32  26  44   0   335   1   0   0   0   84
gbinije,michael   det SG  1    3    0    0   0   0   0    0   0    0    0   0   0   0   0   0     0   0   0   0   0   -2
george,paul       ind SF 41 1480  364  770 117 292 181  207  31  287  138  57 124  16 117   2  1026   5   0   0  41   85
georges-hunt,mar  orl SG  5   47    2    7   1   2   9   10   1    9    3   1   2   0   5   0    14   0   0   0   0  -25
gibson,taj        okl PF 37  852  152  300   2   9  53   74  61  190   25  21  45  26  68   1   359   3   0   0  30    2
ginobili,manu     san SG 34  624   86  212  41 108  29   43  16   70   96  41  47   4  59   0   242   1   0   0   0  101
gobert,rudy       uta  C 40 1378  240  360   0   0 160  247 168  533   61  19  72 110 121   3   640   5   0   0  40  213
goodwin,archie    bro SG 12  183   34   61   4  13  23   32   7   28   23   4  14   4   7   0    95   0   0   0   0  -34
gordon,aaron      orl PF 39 1195  213  455  31 126  96  122  62  215   75  36  44  21  88   1   553   0   0   0  39  -99
gordon,eric       hou SG 36 1127  174  462 101 308  72   86  17   95   74  23  52  18  68   0   521   0   0   0   7  107
gortat,marcin     was  C 41 1108  186  321   0   1  50   73 109  368   55  18  48  23  89   0   422   0   0   0  41   88
graham,treveon    cha SG 15  111   13   31   5   9   5    7   5   14    1   5   2   1   5   0    36   0   0   0   0  -22
grant,jerami      okl SF 40  681   64  143  22  60  38   60  26  108   27  16  21  32  71   0   188   0   0   0   2 -113
grant,jerian      chi PG 31  543   71  152  32  81  34   41   9   62   70  20  25   5  41   0   208   0   0   0  23   51
green,danny       san SG 35  954   88  246  52 158  16   18  22  123   64  43  43  36  63   0   244   2   0   0  35   94
green,draymond    gsw PF 37 1180  122  317  39 133  77  105  39  263  230  75  95  53  99   0   360   7   0   0  37  393
green,gerald      bos SF 24  290   51  120  19  55  16   21   6   39   12   3  14   3  26   0   137   0   0   0   0   23
green,jamychal    mem PF 37  921  123  218  27  64  61   73  81  244   35  14  45   8 105   2   334   1   0   0  35  -25
green,jeff        orl SF 29  581   95  234  18  74  67   76  18   95   29  21  27   7  48   0   275   1   0   0   2 -163
griffin,blake     lac PF 35 1202  273  542  33  91 186  242  58  266  177  31  78  10  88   0   765   4   0   0  35  199
hamilton,justin   bro PF 28  452   75  153  17  60  21   27  28   97   22  10  15  18  39   0   188   0   0   0   3 -110
hammons,a.j.      dal  C  5   86    8   20   1   4   7   10   3   17    2   1   7   7  11   0    24   0   0   0   0  -35
hardaway,tim      atl SG 40 1261  238  521  84 230 115  138  22  142  117  33  68   7  56   0   675   1   0   0  24   30
harden,james      hou SG 40 1448  332  760 135 392 383  452  40  320  422  66 228  21 113   0  1182   2   0   0  40  170
harkless,maurice  por SF 37  989  124  245  19  59  34   62  58  140   51  35  31  32  92   1   301   0   0   0  29   42
harper,justin     phi PF  3   32    5   12   2   7   0    0   3    6    2   0   4   0   2   0    12   0   0   0   0  -11
harrell,montrezl  hou PF 26  464   94  147   0   5  31   50  36   94   29   8  15  17  62   1   219   2   0   0   6   -8
harris,devin      dal PG 40  701   93  227  38 111  75   93   4   79  101  31  39   3  73   0   299   4   0   0   0   80
harris,gary       den SG 39 1303  237  460  85 199  71   88  36  130  110  56  59   5  61   0   630   0   0   0  39   72
harris,joe        bro SG 13  249   32   78  24  49   6   10   3   28   10   6  13   3  28   1    94   0   0   0   2  -58
harris,manny      dal PG  4   25    3   15   0   2   2    4   3    9    2   0   2   0   1   0     8   0   0   0   0  -21
harris,tobias     det SF 41 1219  246  515  53 151  95  121  43  205   70  30  38  16  66   0   640   2   0   0  14   71
harrison,andrew   mem PG 32  473   41  112  18  51  45   59   6   45   59  16  27   3  65   0   145   1   0   0   4  -19
haslem,udonis     mia PF  3   19    2    5   0   2   0    0   1    8    0   0   1   0   5   0     4   0   0   0   0  -15
hawes,spencer     mil  C 25  298   47   99  10  34  23   27  16   81   31   3  15  10  26   0   127   0   0   0   1 -103
hayward,gordon    uta SF 39 1333  302  631  82 201 163  201  28  195  134  37  67   8  58   0   849   0   0   0  39  185
henderson,gerald  phi SG 35  756  104  264  29  94  79   99  17   86   51  20  33   5  62   0   316   5   0   0  12 -160
henson,john       mil PF 19  335   56  100   0   0  23   34  34   94   11  11  16  28  52   1   135   2   0   0   7   -2
hernangomez,juan  den PF 33  528   69  152  34  79  36   43  26  116   17  19  23   5  36   0   208   0   0   0   7   -7
hernangomez,will  nyk  C 37  862  170  323   1   5  65   87 118  342   71  32  57  19 101   1   406   0   0   0  22  -54
hezonja,mario     orl SG 37  727   84  234  32 101  29   36  14  117   49  22  38  10  56   0   229   1   0   0   2 -207
hibbert,roy       den  C 14  139   19   28   0   0   7    7  10   31    3   0   7   8  17   0    45   0   0   0   4   21
hield,buddy       sac SG 41 1056  190  415  82 202  40   50  20  155   66  24  65   6  64   0   502   0   0   0  34  -73
hilario,nene      hou  C 31  593  140  218   0   3  58   96  51  146   36  32  29  22  80   0   338   2   0   0   3   56
hill,george       uta PG 32 1019  178  396  55 158 105  129  14  103  131  32  60   7  76   1   516   1   0   0  32   78
hill,jordan       min PF  2    7    1    2   0   0   0    0   1    1    0   0   1   0   0   0     2   0   0   0   0    6
hill,solomon      nor SF 41 1300  109  277  58 162  55   70  33  158   74  39  47  16  89   0   331   1   0   0  41   45
hilliard,darrun   det SG 15  106   16   33   3  12   6    6   0   11   11   4   9   1   9   0    41   0   0   0   0   10
holiday,jrue      nor PG 41 1384  268  567  65 183  64   89  31  168  303  67 129  32  68   0   665   1   0   0  41   19
holiday,justin    nyk SG 41  858  128  291  52 153  29   37  11  111   57  32  30  19  46   0   337   0   0   0   2   -8
hollis-jefferson  bro SG 41  955  137  294   7  34  96  130  67  281   79  42  61  25  89   0   377   0   0   0  35  -75
holmes,richaun    phi PF 36  854  170  295  20  57  54   74  61  216   39  29  35  35  91   1   414   1   0   0  15 -153
hood,rodney       uta SG 23  540   85  217  40 101  34   41   6   71   25  16  23   4  48   0   244   1   0   0  19  -56
horford,al        bos  C 37 1173  191  393  39 102  54   70  48  251  186  30  63  32  71   1   475   0   0   0  37  114
howard,dwight     atl  C 38 1138  191  306   0   2 118  228 128  463   61  35  90  45  95   2   500   7   0   0  38 -114
huertas,marcelo   lal PG  8   68    8   25   2   6   4    7   1    8   11   0   2   0   4   0    22   0   0   0   0  -20
huestis,josh      okl SF  2   31    6   11   2   4   0    1   4    9    3   0   0   4   0   0    14   0   0   0   0    3
humphries,kris    atl PF 24  337   37   94   9  26  26   36  24  104   12   7   9   8  37   0   109   0   0   0   3  -50
ibaka,serge       tor PF 39 1194  218  464  67 169  49   53  51  250   32  21  60  55 110   2   552   3   0   0  39  -66
iguodala,andre    gsw SF 36  995  126  222  34  90  52   69  23  162  128  45  32  23  44   0   338   3   0   0   0  287
ilyasova,ersan    atl PF 41 1021  163  401  54 170  96  124  63  233   70  36  57  11 115   1   476   1   0   0  27  -33
ingles,joe        uta SF 41 1141  114  259  71 161  23   33  15  154  137  57  68   5  84   0   322   0   0   0  23  145
ingram,brandon    lal SF 38 1147  162  378  32  99  60  110  31  149   85  35  62  19  76   0   416   0   0   0  29 -268
irving,kyrie      cle PG 36 1273  356  738  94 234 157  171  21  103  219  41  81  19  90   0   963   3   0   0  36  151
jack,jarrett      nor PG  2   33    2    3   0   1   2    2   0    0    5   2   3   0   4   0     6   0   0   0   0   -6
jackson,pierre    dal PG  3   55   10   25   2   8   1    2   1    7   12   1   0   0   2   0    23   0   0   0   1   36
jackson,reggie    det PG 32  844  159  394  36 100  62   71  13   70  161  19  63   3  70   1   416   1   0   0  30 -147
james,lebron      cle SF 36 1385  379  651  58 164 168  260  45  343  332  38 146  23  73   2   984   1   0   0  36  187
jefferson,al      ind  C 25  317   86  166   0   0  22   28  22  102   21   7  14   5  47   0   194   0   0   0   0  -38
jefferson,richar  cle SF 38  826   81  165  34  91  39   54  15  110   38  15  26   5  84   3   235   0   0   0   8   41
jennings,brandon  was PG 40  841   74  236  34 115  49   67  12   85  191  34  44   3  63   0   231   2   0   0   7   63
jerebko,jonas     bos PF 37  551   43  109  17  56  12   19  27  137   37   7  15   9  55   0   115   1   0   0   5   27
johnson,amir      bos PF 40  793  113  180  15  34  27   42  48  182   67  27  43  36 103   0   268   1   0   0  38  154
johnson,brice     lac ??  3   10    2    7   0   0   0    0   1    3    1   2   1   1   0   0     4   0   0   0   0    7
johnson,james     mia PF 40 1173  212  453  39 130  91  127  33  201  171  49  98  50 104   2   554   4   0   0   5  214
johnson,joe       uta SF 37  935  144  325  60 139  33   40  20  126   79  20  34  10  44   0   381   0   0   0   6   73
johnson,stanley   det SF 40  796   80  228  29  98  17   23  21  109   61  32  50   9  67   0   206   1   0   0   1   94
johnson,tyler     mia SG 35  998  166  380  41 110 100  127  27  122  111  40  52  15  83   0   473   0   0   0   0  121
johnson,wesley    lac SF 33  340   31   79  10  45   1    2   7   65    4  12   5   9  24   0    73   0   0   0   0  -57
jokic,nikola      den  C 36 1088  275  487  26  86  98  116 112  412  218  36 106  28 101   0   674   2   0   0  36  205
jones,dahntay     cle SG  1   12    3    8   0   2   3    4   1    2    1   0   1   0   1   0     9   0   0   0   0    2
jones,damian      gsw  C  9   75    8   16   0   0   3   10   9   23    0   1   4   4  13   0    19   0   0   0   0  -28
jones,derrick     pho SF 30  537   67  119   3  11  28   40  38   78   13  13  13  14  62   1   165   2   0   0   8   30
jones,james       cle SG 22  195   19   45  10  32   6   11   2   23    8   4   4   4  20   0    54   0   0   0   1  -62
jones,terrence    mil PF 15  319   67  146   7  20  29   45  20   77   15  12   8  13  21   1   170   1   0   0   6  -44
jones,tyus        min PG 36  531   51  127  15  47  19   28   4   40  111  34  25   5  34   0   136   0   0   0   0   -6
jordan,deandre    lac  C 40 1261  224  296   0   1  97  217 155  554   58  27  49  63 102   0   545   5   0   0  40  230
joseph,cory       tor PG 40 1100  151  338  25  79  37   52  25  120  150  39  66   7  79   0   364   0   0   0  21   12
kaminsky,frank    cha PF 36 1008  174  425  70 195  62   81  22  167   84  28  37  21  84   2   480   0   0   0  10   66
kanter,enes       okl  C 31  662  175  337   0   9 104  131  94  213   27  14  61   9  66   0   454   0   0   0   0   14
kelly,ryan        atl PF  7   63    5   18   2   5   3    4   1    8    3   0   2   3   2   0    15   0   0   0   0  -14
kidd-gilchrist,m  cha SF 41 1168  159  310   0   2  68   84  74  271   60  48  24  39 103   1   386   0   0   0  41  -47
kilpatrick,sean   bro SG 29  647  114  274  42 124  67   78   8  107   55  15  37   1  35   0   337   1   0   0   1  -19
knight,brandon    pho PG 16  289   51  121   9  36  21   23   3   26   32   4  20   3  23   0   132   0   0   0   1  -45
korver,kyle       cle SF 30  737  115  229  87 172  14   15   6   79   32   7  25   8  51   0   331   0   0   0   1  -37
koufos,kosta      sac  C 30  626   99  191   0   0  19   26  43  173   23  12  21  24  82   2   217   0   0   0  30 -127
kuzminskas,minda  nyk SF 34  598   88  211  24  88  35   43  26   75   40  13  30   5  39   0   235   0   0   0   5  -17
labissiere,skal   sac PF 29  585  112  209   3   8  50   71  46  154   27  16  36  12  64   1   277   0   0   0  12  -47
lamb,jeremy       cha SG 34  643  131  276  26  82  57   65  16  130   40  17  23  13  59   0   345   0   0   0   2  -22
lauvergne,joffre  chi  C 35  497   78  181  14  44  22   33  37  130   37  11  34   1  31   0   192   0   0   0   1  -27
lavine,zach       min SG  9  332   47  112  11  47  19   26   1   32   24   9  10   2  19   0   124   0   0   0   9  -21 Expected to out until late December, early January.
lawson,ty         sac PG 30  753  117  239  13  45  98  123  18   75  172  31  60   3  59   1   345   0   0   0   9 -110
layman,jake       por SF 14  120    9   37   4  16   5    6   4   12    5   2   7   2  10   0    27   0   0   0   1  -32
lee,courtney      nyk SG 41 1351  187  400  57 149  56   64  31  160  113  49  42  12  75   0   487   0   0   0  38 -136
lee,david         san PF 39  800  139  234   0   0  41   61  86  244   60  16  45  25  68   0   319   0   0   0   7  166
len,alex          pho  C 38  734  113  230   3   9  70   97  76  244   21  20  51  42 115   5   299   1   0   0  24 -201
leonard,kawhi     san SF 35 1179  318  660  67 194 216  254  32  206  139  59  82  28  61   0   919   0   0   0  35  200 Injured. Yahoo says to wait until #20.
leonard,meyers    por  C 38  666   78  190  36 101  15   19  16  127   45   9  17  15  92   0   207   2   0   0   7   10
leuer,jon         det PF 37  926  145  321  19  73  47   56  48  173   47  12  36  13  71   0   356   0   0   0  26 -150
levert,caris      bro SG 36  851  123  267  38 116  51   70  19  135   77  33  44   5  65   1   335   0   0   0  26  -90
liggins,deandre   na  SG 26  227   19   46   2   8   9   16   8   48   19  19  14   3  21   0    49   0   0   0   3  -37
lillard,damian    por PG 39 1406  355  806 123 317 251  279  26  199  217  41  99  11  68   0  1084   1   0   0  39  102
lin,jeremy        bro PG 24  581  114  270  42 108  86  100   9   96  114  25  54   8  67   0   356   0   0   0  24  -32
livingston,shaun  gsw PG 36  652   76  150   1   1  22   25  12   73   72  19  29  14  58   0   175   0   0   0   3  111
long,shawn        phi PF 17  233   61  108   7  19  19   35  40   84   13   9  13   9  49   0   148   1   0   0   0   20
looney,kevon      gsw SF 22  182   20   45   1   5   8   13  15   44   12   7   8   3  22   0    49   0   0   0   1  -44
lopez,brook       bro  C 38 1132  291  609  68 195 137  176  61  216   78  17  93  63 102   1   787   1   0   0  38   -9
lopez,robin       chi  C 40 1127  214  418   0   1  41   54 101  226   49  11  46  50  76   0   469   5   0   0  40   78
love,kevin        cle PF 24  748  132  316  51 143  83   98  59  280   56  21  50   9  58   2   398   0   0   0  24   83
lowry,kyle        tor PG 20  757  144  330  62 173 106  132  12   90  129  25  57   6  59   1   456   3   0   0  20   33
luwawu-cabarrot,  phi SG 41  917  120  289  44 139  82   91  19  109   60  25  59   6 116   1   366   0   0   0  19  -36
lyles,trey        uta PF 30  335   30  122  13  52  16   24  10   71   17   8  18   4  37   1    89   0   0   0   1   15
mack,shelvin      uta PG 14  268   36   82   7  25  19   26   5   36   35  10  10   2  27   0    98   0   0   0   0    0
mahinmi,ian       was  C 30  542   65  109   0   0  42   73  47  149   20  33  33  23  87   2   172   3   0   0   0   42
maker,thon        mil PF 39  486   69  157  23  64  25   38  35   93   20  10  15  22  74   0   186   0   0   0  34  -20
marjanovic,boban  det  C 17  171   47   75   0   0  26   31  21   70    6   4   6   4  16   0   120   0   0   0   0   13
martin,jarell     mem PF  4   26    4   11   0   1   2    2   5    9    2   2   1   1   2   0    10   0   0   0   0  -29
matthews,wesley   dal SG 33 1060  130  324  58 176  65   77  11  136  122  24  45   6  75   0   383   1   0   0  33  -32
mbah_a_moute,luc  lac SF 41  869   95  178  17  44  22   33  15   76   23  38  18  14  66   0   229   0   0   0  37   71
mcadoo,james      gsw PF 36  369   54   97   2   5  20   37  33   77   15  17  14  26  41   0   130   0   0   0   2  -31
mccaw,patrick     gsw PG 40  727   77  169  25  80  24   29  14   69   51  22  18   8  33   0   203   0   0   0  19  -16
mcclellan,sheldo  was SG 12   74    8   19   2   8   5    6   0   12    1   0   3   1   5   0    23   0   0   0   0   -7
mccollum,c.j.     por SG 39 1368  327  688  79 187 131  142  26  145  129  31  80  15  88   0   864   1   0   0  39   77
mcconnell,t.j.    phi PG 41 1229  149  312   5  30  52   61  20  136  317  79  93   7  68   0   355   0   0   0  41 -230
mccullough,chris  was PF  5   19    3    5   0   2   1    2   1    4    0   2   1   0   1   0     7   0   0   0   0   15
mcdaniels,k.j.    bro SG 28  320   52  111  13  43  25   30  11   57   10  13  19  10  31   0   142   0   0   0   0  -19
mcdermott,doug    okl SF 38  777  119  259  46 117  37   46   8   90   27   4  18   3  43   0   321   1   0   0   3  -69
mcgee,javale      gsw  C 40  439  120  185   0   2  33   62  69  152    9  12  16  45  63   0   273   2   0   0   8  231
mcgruder,rodney   mia SG 41  998  113  255  42 119  18   35  40  125   71  22  32   9  70   0   286   1   0   0  41   88
mclemore,ben      sac SG 29  694  115  257  47 108  49   65  12   88   32  16  39   3  71   0   326   0   0   0  13  -65
mcrae,jordan      cle SG  9   93   11   26   6  13   2    3   2    7    3   1   3   1   6   0    30   0   0   0   1  -17
meeks,jodie       orl SG 15  305   42  111  24  61  33   39   3   34   18   9  19   2  18   0   141   0   0   0   4  -60
mejri,salah       dal  C 37  425   48   77   1   1  25   41  48  151    3  13  19  30  69   1   122   0   0   0   0   23
mickey,jordan     bos PF 13   60    4   13   0   1   4    6   4   15    3   2   3   5   4   0    12   0   0   0   0  -16
middleton,khris   mil SG 29  892  150  333  45 104  81   92  12  122   99  41  65   7  79   1   426   2   0   0  23   90
miles,c.j.        ind SF 41 1020  150  346  97 236  38   41  16  125   26  23  24  11  85   1   435   0   0   0  26   28
miller,mike       den SG 13  117    5   14   4  13   2    2   2   30   16   2   9   0   7   0    16   0   0   0   0   -6
mills,patty       san PG 40  881  129  312  74 184  24   34  13   70  140  32  46   3  50   0   356   0   0   0   4  153
millsap,elijah    pho SG  2   23    1    7   0   2   1    2   3    6    1   0   2   0   2   0     3   0   0   0   0   -6
millsap,paul      atl PF 31 1039  187  417  32 107 165  211  49  228  103  29  74  24  84   0   571   3   0   0  29   -7
mirotic,nikola    chi PF 34  842  141  322  71 191  49   62  33  184   45  26  38  24  69   0   402   1   0   0  13  150
monroe,greg       mil  C 41  970  215  392   0   3  93  124  89  260   94  42  75  19 102   0   523   5   0   0   0   25
moore,e'twaun     nor SG 36  898  134  292  34  97  35   44  16   75   74  29  22  16  61   0   337   2   0   0   2  -71
morris,marcus     det PF 39 1284  215  511  57 172  86  112  48  209   81  19  43  13  85   2   573   4   0   0  39 -105
morris,markieff   was PF 36 1115  201  425  42 103  81   92  55  236   56  34  57  22 124   3   525   5   0   0  36   87 Expected to be out until mid November.
morrow,anthony    chi SG 20  250   34   93  17  51  21   21   5   11   10  10   2   0  16   0   106   0   0   0   0   56
motiejunas,donat  nor PF 30  417   51  122   9  42  22   43  23   90   24  14  26  10  49   0   133   0   0   0   0 -102
mozgov,timofey    lal  C 14  239   31   66   0   0  11   13  24   69   12   3  24  14  33   0    73   2   0   0  12  -30
mudiay,emmanuel   den PG 15  250   36   99   7  26  32   41   9   39   48   6  19   2  17   0   111   0   0   0   1   -7
muhammad,shabazz  min SF 41  845  185  365  27  90  87  114  52  122   22  13  28   3  46   0   484   0   0   0   1  -78
murray,dejounte   san PG 16  205   30   68   4  14  13   16   3   28   32   4  21   3  18   0    77   0   0   0   6   25
murray,jamal      den SG 41  958  180  419  64 184  64   70  16  107  102  35  65  11  64   0   488   1   0   0   7   59
muscala,mike      atl PF 30  422   51  103  15  39  15   20  23   92   38   7  20  19  30   0   132   0   0   0   0  -14
nance,larry       lal PF 35  816  103  214   8  24  40   53  78  216   60  49  34  22  82   0   254   0   0   0   7 -123
napier,shabazz    por PG 26  310   42  104  17  42  21   26   7   43   42  17  24   1  21   0   122   0   0   0   2   15
ndour,maurice     nyk SF 15  200   24   51   1   4  10   16  15   39    7   7   9   5  14   0    59   0   0   0   4   -7
neal,gary         atl PG  2   19    0    7   0   2   4    4   0    1    1   0   0   0   1   0     4   0   0   0   0   -5
nelson,jameer     den PG 34 1031  129  288  54 135  24   33  11  104  203  25  53   5  83   0   336   3   0   0  33  114
neto,raul         uta PG 20  193   18   46   4  14   5    6   3   13   20  13   8   5  30   0    45   0   0   0   0   49
niang,georges     ind SF  6   14    4    7   0   2   0    0   0    3    0   2   0   0   0   0     8   0   0   0   0   19
nicholson,andrew  bro PF 13  121   13   37   2  11   3    4   5   29    3   6   7   1  19   0    31   1   0   0   0  -70
noah,joakim       nyk  C  9  171    9   22   0   0   7   13  30   75   17   5  11   6  22   1    25   0   0   0   9  -24
noel,nerlens      dal PF 36  810  139  230   0   1  59   84  69  231   43  48  38  40  99   0   337   1   0   0  19  -23
nogueira,lucas    tor  C 21  390   38   58   1   6  15   22  23   82   12  17  20  30  52   0    92   0   0   0   1  -30
nowitzki,dirk     dal PF 38 1022  218  483  54 141  67   76  17  259   56  24  36  28  80   0   557   0   0   0  38   89
nurkic,jusuf      por  C 28  699  134  275   0   1  74  119  79  236   72  26  68  43  85   0   342   0   0   0  22   74
nwaba,david       lal PG 20  398   47   81   1   5  25   39  16   62   14  12  11   7  36   0   120   0   0   0   2    9
o'bryant,johnny   cha PF 10   81   15   30   3   6   5    6   9   19    6   0   6   1  10   0    38   0   0   0   0  -23
o'quinn,kyle      nyk PF 40  627  105  214   2  10  39   47  76  215   73  21  37  55  85   1   251   0   0   0   4 -110
ochefu,daniel     was PF  9   34    6   14   0   0   0    0   4    9    2   1   0   0   7   0    12   0   0   0   0  -16
okafor,jahlil     phi  C 20  451  100  199   0   0  55   73  32   94   27   7  47  17  49   0   255   0   0   0  18 -127
oladipo,victor    okl SG 35 1139  210  483  57 168  73   88  19  151   90  47  66  14  86   0   550   0   0   0  35   60
olynyk,kelly      bos  C 40  800  150  278  28  88  49   67  46  208   76  16  55  13 118   1   377   2   0   0   1  -26
onuaku,chinanu    hou PF  3   41    3    5   0   0   2    2   1    7    2   2   4   1   5   0     8   0   0   0   1  -33
oubre,kelly       was SF 40  855  101  240  26  96  38   52  33  124   19  28  21  13 106   1   266   0   0   0   4   39
pachulia,zaza     gsw  C 33  576   86  157   0   1  49   67  62  188   56  28  39  16  82   1   221   1   0   0  33  143
papagiannis,geor  sac  C 20  346   55  101   0   2  12   14  25   86   20   3  23  17  41   0   122   1   0   0   0  -30
parker,jabari     mil PF 10  333   73  153   7  36  37   45  15   74   30   8  28   8  24   0   190   0   0   0   9  -69 Expected to be out until at least Feb 1
parker,tony       san PG 31  759  109  243   8  32  45   65   1   50  133  21  45   1  42   0   271   0   0   0  31   39 Expected to be out until at least Dec 12
parsons,chandler  mem SF 19  411   35  121  15  51  29   36   4   55   39  12  15   3  37   0   114   0   0   0  19  -41
patterson,lamar   atl SG  5   41    3   15   1   6   2    3   1    7    6   1   4   0   6   0     9   0   0   0   0   13
patterson,patric  tor PF 32  677   74  165  41 108  21   29  21  109   25  14  15  11  42   0   210   3   0   0   7   90
paul,chris        lac PG 27  852  175  361  58 134  95  103  17  122  233  41  68   3  60   0   503   7   0   0  27  249
payne,adreian     min PF  8   47    6   16   1   5   2    4   3   15    3   4   1   3  13   0    15   0   0   0   0   29 Expected to be out until at least Jan 1
payne,cameron     chi PG 27  409   58  174  25  79   5    8   3   38   48  14  28   5  43   0   146   1   0   0   0  -59 Expected to be out until at least Nov 30
payton,elfrid     orl PG 41 1242  233  474  16  56  93  125  56  238  293  40  98  16  93   0   575   0   0   0  37  -61
payton,gary       mil SG  6  100    8   22   1   9   3    5   0   12   13   3  10   4   9   0    20   0   0   0   0  -58
pierce,paul       lac SF 13  128   14   31   6  17   2    3   1   30    8   1   8   2  15   0    36   0   0   0   1   24
plumlee,marshall  nyk  C 17  144   15   28   0   0   6   16  22   45    9   3  12   4  20   0    36   0   0   0   1  -12
plumlee,mason     den PF 40 1009  150  294   0   1  88  138  91  301  107  33  70  48 113   1   388   0   0   0  23  -13
plumlee,miles     cha  C 17  242   23   45   0   0   8   15  19   53    4   9  10   7  34   0    54   0   0   0   3  -57
poeltl,jakob      tor  C 31  384   48   72   0   0  17   32  47  103    7   9  21  13  65   0   113   0   0   0   2   22
porter,otto       was SF 39 1217  182  373  72 173  52   59  58  251   57  53  11  14  88   0   488   0   0   0  39   82
portis,bobby      chi PF 37  676  137  276  22  72  28   39  41  203   20  10  19   7  58   0   324   1   0   0  13  -37
porzingis,krista  nyk PF 30  938  189  419  36 125  82  105  51  206   48  20  54  57 111   4   496   0   0   0  29  -64
powell,dwight     dal PF 35  523   76  156  18  59  44   60  34  112   16  17  15  15  57   0   214   0   0   0   2  -72
powell,norman     tor SG 39  829  151  338  32 109  78   98  21  111   47  24  47   8  74   0   412   1   0   0  12  -20
poythress,alex    phi SF  6  157   25   54   6  19   8   10  11   28    5   3   3   1  14   0    64   0   0   0   1  -36
price,ronnie      pho PG 14  135    4   24   3  17   3    4   3   11   18  11   3   1  14   0    14   0   0   0   0  -43
prince,taurean    atl SF 35  737   86  215  24  74  60   78  19  109   37  36  47  18  73   0   256   0   0   0  10  -26
quarterman,tim    por SG  3   40    6   19   3   8   0    3   2    8    4   1   7   1   3   0    15   0   0   0   0  -11
randle,chasson    na  PG 24  275   36   91  13  42  39   41   7   33   33   7  19   2  34   0   124   0   0   0   0   -7
randle,julius     lal PF 38 1070  185  389  12  41  93  127  80  323  126  19  78  18 124   1   475   4   0   0  37 -349
randolph,zach     mem PF 39  994  232  519  12  54  87  122 107  333   62  20  57   4  69   1   563   1   0   0   4   25
redick,jj         lac SG 40 1146  191  446 101 239  92  100   6   88   67  33  47   8  65   0   575   2   0   0  40  197
reed,willie       mia PF 39  593   91  159   1   3  28   46  67  179   14  10  21  23  85   0   211   1   0   0   1   55
richardson,josh   mia SG 25  739   80  201  30  82  35   43  20   75   62  34  23  26  58   0   225   0   0   0  14   81
richardson,malac  sac SG 16  165   23   55   5  19  11   15   3   19    9   4   8   1  21   0    62   0   0   0   0   -5
rivers,austin     lac SG 35 1041  170  383  56 162  72  106   9   84  109  20  65   5  99   1   468   1   0   0  18   46
roberson,andre    okl SG 38 1102  102  208  13  70  21   49  60  214   36  45  22  40 102   1   238   1   0   0  38   22
roberts,brian     cha PG 31  356   43  108  17  42  23   27   3   34   47   8  20   1  16   0   126   0   0   0   2  -30
robinson,glenn    ind SG 30  536   68  123  24  49  20   30  22   96   16  23  12   6  25   0   180   0   0   0   5  -59
robinson,thomas   lal PF 19  229   55   98   0   1  16   33  27   83   14  11  24   1  30   0   126   1   0   0   0  -10
rodriguez,sergio  phi PG 31  582   83  212  39  99   7   13   6   54  135  14  42   0  41   0   212   0   0   0   0   -2
rondo,rajon       chi PG 37  900  129  288  31  73  17   26  40  161  234  57  83   5  70   0   306   0   0   0  13  -75 Out 6 weeks for sports hernia.
rose,derrick      nyk PG 28  933  208  419   1  11 108  121  27  108  126  19  61   4  34   0   525   0   0   0  28 -116
ross,terrence     orl SF 38 1077  162  390  72 209  33   42   8  116   61  44  50  18  85   1   429   1   0   0  24  -41
rozier,terry      bos PG 38  629   75  218  33 105  26   30  22  111   69  23  26   2  35   0   209   3   0   0   0  -34
rubio,ricky       min PG 39 1325  179  428  39 110 167  185  28  162  396  61 117   8 109   1   564   0   0   0  39   17
rudez,damjan      orl SF 21  142   16   43   9  29   0    0   0    7   12   4   2   1  13   0    41   0   0   0   0  -61
rush,brandon      min SG 31  809   52  142  31  85  12   16  11   78   34  14  21  15  35   0   147   0   0   0  31  -47
russell,d'angelo  lal PG 35 1044  198  490  71 211  78  101  16  120  172  52 100   8  73   1   545   4   0   0  32 -339
sabonis,domantas  okl PF 40  772   92  242  18  68  31   49  24  140   34  17  43  14  99   2   233   0   0   0  25   15
sanders,larry     cle  C  5   12    1    4   0   0   2    2   3    4    0   1   2   1   5   0     4   0   0   0   0   -1
saric,dario       phi SF 40 1139  240  553  52 188 114  146  59  269  114  38 103  19  94   1   646   1   0   0  26 -160
satoransky,tomas  was SG 31  326   27   62   6  15   7   11   9   31   33  12  14   6  25   0    67   0   0   0   1  -18
schroder,dennis   atl PG 38 1228  271  621  48 149 111  123  20  127  246  42 134   9  80   0   701   0   0   0  37  -22
scola,luis        bro PF  6   72    8   20   3  11   5    7   6   21   10   3   4   0  13   0    24   0   0   0   0    0
scott,mike        atl PF  9   99    9   26   1  10   2    2   3   14    6   2   5   2   7   0    21   0   0   0   0  -21
sefolosha,thabo   atl SF 24  607   60  141  19  48  20   29  23   99   43  23  19  10  38   0   159   0   0   0  19  -64
selden,wayne      na  SG 14  236   25   58   7  28  14   22   1   16   13   6  12   1  18   0    71   0   0   0   5  -42
seraphin,kevin    ind  C 25  300   60  108   0   2  10   16  16   60    9   3  16  10  37   0   130   0   0   0   3  -45
sessions,ramon    cha PG  9  138   15   45   6  11  20   21   1   13   16   2   8   0   6   0    56   0   0   0   0  -12
shumpert,iman     cle SG 36  961   97  253  43 135  28   35  15  104   44  24  32  14  71   0   265   3   0   0  27   62
siakam,pascal     tor SF 17  190   24   47   1   3   4    8  15   50    3   7   8  10  24   0    53   0   0   0   4  -15
simmons,jonathon  san SG 37  637   84  211  13  50  45   60   8   74   53  20  31   9  67   1   226   0   0   0   7   30
singler,kyle      okl SF 11  169   18   42   2  16   6    9   7   25    5   5   2   3  13   0    44   0   0   0   2   -3
smart,marcus      bos PG 41 1249  141  397  48 178 129  153  42  162  197  71  86  17 104   0   459   5   0   0  10   52
smith,ish         det PG 40  940  186  397  14  50  37   52   9  122  211  30  52  19  59   0   423   0   0   0  11   58
smith,j.r.        cle SG 20  580   61  172  45 133   3    6   9   68   35  15  11   2  30   0   170   0   0   0  14  -37
smith,jason       was PF 35  596   99  181  33  69  20   31  31  151   22  10  27  33  79   1   251   0   0   0   3   74
snell,tony        mil SF 40 1166  123  263  77 169  29   35   8  107   43  35  29   7  64   0   352   0   0   0  40  -80
speights,marrees  lac  C 41  620  109  247  48 136  35   39  35  168   34  11  41  20 106   0   301   0   0   0   2  -76
splitter,tiago    phi  C  8   76   14   31   2   6   9   11   8   22    4   1   6   1   8   0    39   0   0   0   0   -4
stauskas,nik      phi SG 41 1178  142  367  75 203  67   82  11  125  111  28  69  13  77   0   426   1   0   0  13 -139
stephenson,lance  ind SG 12  199   28   65   5  10   3    5   1   34   30   3  15   2  14   0    64   1   0   0   0   21
stone,diamond     lac  C  3    9    1    4   0   0   2    2   0    3    0   0   1   0   1   0     4   0   0   0   0   -8
stuckey,rodney    ind PG 22  349   39  126  11  34  38   50   3   38   49   9  26   0  19   0   127   0   0   0   0   11
sullinger,jared   tor  C 11  119   15   48   3  18   4    8  10   27    2   4   4   2  17   0    37   0   0   0   1  -29
tavares,edy       cle  C  1   24    3    4   0   0   0    1   4   10    1   0   2   6   3   0     6   0   0   0   0    4
taylor,isaiah     hou PG  4   52    1    7   0   2   1    2   1    3    3   1   0   1   6   0     3   0   0   0   0  -19
teague,jeff       ind PG 41 1344  192  444  53 137 171  194  13  161  310  36  99  13  73   0   608   1   0   0  41   65
teletovic,mirza   mil PF 36  547   72  198  44 139  15   20   4   72   23   7  13   4  53   0   203   1   0   0   0   44
temple,garrett    sac SG 24  671   70  179  32  88  23   32   7   70   81  40  38   9  58   0   195   0   0   0  13 -149
terry,jason       mil SG 38  737   66  137  43  92  16   19   9   63   50  25  22  13  53   0   191   1   0   0   0   44
thomas,isaiah     bos PG 39 1317  353  756 135 359 307  337  21  104  222  41 119   7  87   0  1148   9   0   0  39  207 Expected to be out until at least Dec 25
thomas,lance      nyk SF 16  439   44  104  17  36  26   31  17   88   19   7   9   2  34   0   131   0   0   0   9  -76
thompson,hollis   nor SG  9  191   11   41   6  24   6    9   4   28    9   6   2   0  14   0    34   0   0   0   8   19
thompson,klay     gsw SG 38 1271  318  686 146 335 103  120  25  138   81  35  54  21  63   0   885   1   0   0  38  331
thompson,tristan  cle  C 37 1159  147  236   0   0  44   90 139  323   46  16  30  34  80   0   338   1   0   0  37  -26
tobey,mike        cha  C  2   25    1    4   0   0   0    0   2    3    1   0   1   0   2   0     2   0   0   0   0  -17
tolliver,anthony  sac PF 36  857   92  212  54 138  29   48  25  133   50  20  39  14  59   0   267   0   0   0   4  -37
toupane,axel      na  SG  4   48    5    9   1   4   0    0   0    1    0   1   0   1   6   0    11   0   0   0   0  -11
towns,karl-antho  min PF 41 1566  458  774  55 124 195  230 155  520   99  33 101  42 118   0  1166   2   0   0  41    0
tucker,p.j.       tor PF 40 1112  105  248  42 104  30   39  52  234   55  63  29   8 100   0   282   7   0   0   4   53
turner,evan       por SG 27  680   97  228  12  52  31   39  18   95   79  21  39  10  53   0   237   2   0   0  11   22
turner,myles      ind PF 41 1344  208  423  13  53 118  143  75  282   71  45  51  79 132   0   547   0   0   0  41   62
udrih,beno        det PG 11  164   28   57   2   7   8    8   1   20   49   6  17   0  10   0    66   0   0   0   0   20
ulis,tyler        pho PG 34  878  150  351  18  69  44   57  16   80  194  30  60   4  51   0   362   0   0   0  15 -156
uthoff,jarrod     dal SF  9  116   16   38   3   9   5    7   8   23    9   2   3   4   8   0    40   0   0   0   0  -62
valanciunas,jona  tor  C 41 1017  204  351   1   2  81  107 105  375   33  19  50  36 108   0   490   3   0   0  41   14
valentine,denzel  chi SG 32  687   74  202  54 150   7   10  10  113   48  21  37   6  62   0   209   0   0   0   0   27
vanvleet,fred     tor PG 22  216   27   83   7  21  18   20   4   34   26   9  14   2  28   0    79   0   0   0   0   41
varejao,anderson  gsw  C  4   24    2    4   0   0   1    2   1    4    2   1   1   1   7   0     5   0   0   0   0    4
vaughn,rashad     mil SG 24  279   30   87  11  40   2    5   4   33   18  14  10   6  23   0    73   0   0   0   2  -71
vonleh,noah       por PF 40  885   96  182   1   1  40   65 100  277   23  22  40  15 107   2   233   0   0   0  37   31
vucevic,nikola    orl  C 37 1091  249  527  13  40  65   91  88  387  100  44  58  36  93   0   576   1   0   0  37  -98
vujacic,sasha     nyk SG 18  212   25   86  14  44  10   15   8   26   32   6   6   1  19   0    74   0   0   0   2  -24
wade,dwyane       chi SG 23  663  157  355  10  39  74   96  25  119   86  32  57  17  41   0   398   3   0   0  22  -77
waiters,dion      mia SG 25  760  176  377  61 138  47   75  11   89  120  22  62  10  42   0   460   1   0   0  25  139
walker,kemba      cha PG 39 1387  315  736 129 333 152  177  19  142  221  35  74  11  54   0   911   0   0   0  39   63
wall,john         was PG 39 1422  318  722  45 135 229  294  22  156  434  72 155  29  72   0   910   6   0   0  39  134
warren,t.j.       pho SF 38 1236  241  458  11  47  65   85  79  237   49  37  32  30 102   0   558   1   0   0  38 -194
watson,c.j.       orl PG 33  647   73  167  21  67  41   46  12   55   74  30  36   2  64   0   208   0   0   0   9 -174
weber,briante     cha PG 20  205   25   60   1  10  11   16   8   25   22  13   8   1  16   0    62   0   0   0   0  -50
west,david        gsw PF 27  383   66  123   1   4  17   21  21   89   68  15  37  28  45   0   150   4   0   0   0   33
westbrook,russel  okl PG 40 1377  410  963 118 326 359  412  62  427  409  75 216  19  94   0  1297   5   0   0  40   36
white,okaro       mia PF 35  470   33   87  12  34  20   22  26   83   21  10  18  10  52   0    98   1   0   0   0   68
whitehead,isaiah  bro SG 40  915  116  287  25  85  62   74  22   97   99  23  70  17  88   0   319   1   0   0   3  -34
whiteside,hassan  mia  C 40 1260  269  480   0   0 123  173 149  560   30  27  77  82 112   1   661   3   0   0  40  198
wiggins,andrew    min SF 41 1539  379  828  53 143 225  286  50  152   95  51  88  14  98   1  1036   0   0   0  41   -1
wilcox,c.j.       orl SG  6   34    3   14   1   3   0    0   2    3    3   1   2   0   3   0     7   0   0   0   0  -10
williams,alan     pho PF 31  591  119  233   0   1  61   94  70  241   22  21  30  26  99   1   299   2   0   0   0  -18
williams,deron    na  PG 30  631   91  197  29  74  27   34   2   58  127  11  52   6  53   0   238   2   0   0  11  -26
williams,derrick  cle PF 28  460   57  117  21  55  27   39   3   60   16   5  17   3  30   0   162   1   0   0   0  -27
williams,louis    hou SG 40  993  201  477  87 236 195  218  17  112  112  32  71  13  49   0   684   0   0   0   1  -21
williams,marvin   cha PF 41 1343  161  365  62 185  85   94  53  311   64  38  35  39  84   0   469   0   0   0  41  -95
williams,reggie   nor SF  1   16    1    3   0   1   0    0   0    0    0   0   0   0   0   0     2   0   0   0   0  -17
williams,troy     hou SF  6  139   22   44   8  21   6    7   9   24    6   3   6   1  18   0    58   0   0   0   3  -12
wiltjer,kyle      hou PF  5   15    1    4   1   3   0    0   1    3    2   3   2   0   1   0     3   0   0   0   0  -10
withey,jeff       uta  C 25  207   31   61   0   0  16   22  30   61    5   7   6  13  25   0    78   0   0   0   1   -2
wood,christian    cha PF 12  103   12   22   0   4  11   15  14   27    2   3   7   6  11   0    35   0   0   0   0   22
wright,brandan    mem PF 28  446   83  135   0   1  23   35  30   77   15  11  10  20  42   0   189   0   0   0   5   35
wright,delon      tor PG 27  447   49  115  10  30  42   55  15   47   57  27  24  12  31   0   150   0   0   0   0   90
young,james       bos SG 18  157   19   44  10  28   6    9   4   15    1   7   3   2  13   0    54   0   0   0   0  -72
young,joe         ind PG 12   29    5   14   1   3   3    4   0    3    3   0   1   0   0   0    14   0   0   0   0  -16
young,nick        lal SF 26  656  107  270  70 187  28   33  10   60   23  19  14   2  55   0   312   3   0   0  26 -146
young,thaddeus    ind PF 33  955  156  297   5  21  16   33  72  197   56  49  31  10  62   0   333   0   0   0  33   46
zeller,cody       cha  C 28  815  108  197   0   1  52   75  56  187   50  34  24  25  81   2   268   0   0   0  26   65
zeller,tyler      bos  C 24  199   30   55   0   0   7   15  14   45   18   2  10   7  26   0    67   0   0   0   0  -21
zimmerman,stephe  orl ?? 11   77    5   20   0   0   3    4   7   21    3   1   3   4  16   0    13   0   0   0   0  -31
zipser,paul       chi SF 33  750   85  199  32  92  28   34  13  108   30  13  37  17  73   0   230   0   0   0  17   34
zubac,ivica       lal  C 31  555  121  221   0   3  27   43  38  149   29  13  27  34  59   0   269   0   0   0  10 -124
