Player           Team PS GP  Min  FGM  FGA  3M  3A FTM  FTA  OR   TR   AS  ST  TO  BK  PF  DQ   PTS  TC  EJ  FF Sta +/-
abrines,alex      okl SG 37  554   61  152  47 124  20   23  12   51   13  18   7   6  56   0   189   0   0   0   3   35
acy,quincy        bro SF 34  681   67  179  55 151  16   20  20  116   35  20  20  20  76   0   205   1   0   0   8  -51
adams,steven      okl  C 40 1329  239  384   0   1  90  181 207  376   54  50  75  42 117   0   568   5   0   0  40  207
adebayo,bam       mia PF 37  735   91  195   0   4  72  102  65  223   63  13  37  20  73   0   254   1   0   0   9   51
afflalo,arron     orl SG 21  252   29   69  15  32   6    6   1   27   14   2  10   5  21   0    79   2   0   0   1  -50
aldrich,cole      min  C 12   30    2    8   0   0   1    4   1   11    2   0   0   1   7   0     5   0   0   0   0   12
aldridge,lamarcu  san PF 36 1197  348  657   6  33 159  189 113  299   76  22  55  46  68   0   861   1   0   0  36  154
allen,jarrett     bro  C 40  898  157  250   3   9  79  101  90  250   35  13  57  57  87   1   396   0   0   0  31  -53
allen,kadeem      bos SG  9   98    6   20   0   9   4    5   3    9   12   3   8   2  14   0    16   0   0   0   1  -16
aminu,al-farouq   por SF 41 1219  135  351  71 204  40   53  65  338   53  56  47  18  75   0   381   0   0   0  41  186
anderson,justin   phi SG 25  364   66  142  22  68  21   29  15   58   21  12  10   7  34   0   175   0   0   0   0  -46
anderson,kyle     san SG 41 1079  125  236  13  41  45   70  46  201  113  76  50  37  61   0   308   0   0   0  39   68
anderson,ryan     hou PF 26  575   65  147  43 103  28   37  29  107   22   6  10   6  49   0   201   0   0   0  11  158
anigbogu,ike      ind  C  4    9    1    1   0   0   0    0   0    1    0   0   0   1   0   0     2   0   0   0   0  -19
antetokounmpo,gi  mil SF 36 1294  332  662  26  75 212  287  70  366  182  46 112  57 111   1   902   2   0   0  36   43
anthony,carmelo   okl SF 38 1186  208  548  83 239  56   71  39  218   42  19  44  25  86   0   555   5   0   0  38  124
anunoby,og        tor SF 33  591   67  139  26  71  11   23  22   90   21  17  18  11  52   0   171   0   0   0  33   42
arcidiacono,ryan  chi PG 23  300   17   39   9  29   5    6   1   25   34  13  13   0  17   0    48   0   0   0   0  -15
ariza,trevor      hou SF 28  855  106  268  63 181  30   37  10  105   36  38  18   5  58   0   305   2   0   0  28  100
arthur,darrell    den PF 12   97   19   33   7  14   2    3   2    9    8   6   8   3  15   0    47   0   0   0   1   -5
artis,jamel       orl SG 10  225   27   62   8  24   6    9   3   31   14   2   8   3  11   0    68   0   0   0   1   -8
asik,omer         chi  C  7   96    4    9   0   0   1    5   4   19    1   2   5   3  11   0     9   0   0   0   0  -17
augustin,d.j.     orl PG 41 1061  158  341  71 167  94  107  23  108  183  26  73   0  46   0   481   2   0   0  29  -56
babbitt,luke      mia PF 20  200   22   67  19  61   0    0   3   24    8   2   4   3  12   0    63   0   0   0   5   11
bacon,dwayne      cha SG 23  259   31   79   1  12  10   11   3   35   18   7   8   0  10   0    73   0   0   0   0   73
baker,ron         nyk SG  8   79    2   10   1   8   2    2   2   14    7   5   3   1   7   0     7   0   0   0   1   18
baldwin,wade      por PG  7   81   14   21   4   5   6   10   1    8    5   2   4   1  12   0    38   0   0   0   0    5
ball,lonzo        lal PG 17  601   65  178  32 107   8   21  21  110  128  33  38  10  40   0   170   0   0   0  15    8
barea,j.j.        dal PG 28  657  122  278  43 124  21   25   6   75  188  11  59   1  28   0   308   2   0   0  10    6
barnes,harrison   dal SF 36 1209  248  568  65 175 124  149  28  196   64  25  49   7  41   0   685   0   0   0  36 -133
barton,will       den SG 41 1450  250  537  83 223 106  122  37  217  171  41  83  28  94   0   689   1   0   0  32  146
batum,nicolas     cha SG 37 1140  163  383  62 166  76   90  40  194  223  41  77  13  43   0   464   0   0   0  37  -15
bayless,jerryd    phi PG  4   54    6   16   3   8   0    0   1    3    4   0   4   0   4   0    15   0   0   0   0  -21
baynes,aron       bos  C 40  737  111  247   3  15  20   25  64  219   56   9  40  26 105   0   245   0   0   0  38   51
bazemore,kent     atl SF 24  624  111  256  43 108  57   71   8   69   74  23  54  18  49   0   322   4   0   0  24  -42
beal,bradley      was SG 41 1511  332  710 102 263 123  154  29  182  222  50 128  16  81   0   889   1   0   0  41    1
beasley,malik     den SG 24  221   27   68  13  34   9   13   5   19    8   7   7   4  11   0    76   0   0   0   0  -46
beasley,michael   nyk SF 39  999  233  468  22  53  67   80  54  239   79  21  75  26  87   1   555   0   0   0  23 -126
belinelli,marco   phi SG 40 1008  178  380  75 203  68   77   9   73   65  26  50   8  59   0   499   0   0   0   2   99
bell,jordan       gsw PF 21  290   34   60   0   1  12   16  15   64   36   9  16  17  24   0    80   0   0   0   3   11
bembry,deandre'   atl SF  8  143   20   40   4  10   5   12   1   31   23   8  11   4   8   0    49   0   0   0   3    2
bender,dragan     pho PF 41 1190  108  274  63 176  22   28  25  228   87  13  71  28 104   2   301   0   0   0  35 -324
bertans,davis     san SF 40  661  100  227  55 150  23   29   9   82   52  18  20  16  53   0   278   0   0   0  10   46
birch,khem        orl  C 35  559   64  118   0   0  42   61  67  175   33  15  21  21  51   0   170   0   0   0   0   21
bird,jabari       bos SG  7   92   14   22   3   5   3    7   6   17    7   2   8   1   5   0    34   0   0   0   1   11
biyombo,bismack   orl  C 41  781  108  200   0   0  56   84  74  244   50  15  41  45  77   1   272   0   0   0  18 -183
bjelica,nemanja   min PF 41 1004  117  264  54 132  23   29  39  207   71  39  36  12  97   1   311   2   0   0  21   20
black,tarik       hou  C 19  216   25   41   1   3  10   24  22   62    5   8   9  12  41   0    61   0   0   0   2  -55
blakeney,antonio  chi SG  8  150   25   66   7  24  16   20   1   13   13   5   3   1  11   0    73   0   0   0   0   16
bledsoe,eric      mil PG 40 1268  253  525  71 196 131  159  29  156  230  78 115  20 103   2   708   4   0   0  40  130
bogdanovic,bogda  sac SG 40 1178  186  444  77 194  49   57  18  126  151  36  64   6  94   0   498   0   0   0  39 -177
bogdanovic,bojan  ind SF 40 1222  201  424  81 191 108  122  21  140   61  28  56   7  61   0   591   1   0   0  40  139
booker,devin      pho SG 24  836  203  486  70 184 121  137  12  111  124  19  93   6  75   0   597   4   0   0  24 -244
booker,trevor     ind PF 34  531   67  136   5  20  24   29  51  136   31  11  17   8  54   0   163   1   0   0   1  -41
boucher,chris     gsw PF  1    1    0    1   0   1   0    0   0    1    0   0   0   0   0   0     0   0   0   0   0   -2
bradley,avery     lac SG 12  358   56  139   7  35   4    7   5   35   19  11  21   1  18   0   123   1   0   0  12  -59
bradley,tony      uta  C  1    1    0    0   0   0   0    0   0    0    0   0   0   0   0   0     0   0   0   0   0    0
brewer,corey      okc SG 32  732   89  205  24  78  40   51  32   96   36  49  20   7  81   1   242   0   0   0  17   38
brogdon,malcolm   mil PG  8  199   34   65   9  22  17   18   4   23   15   5  11   2  18   0    94   0   0   0   6    4
brooks,aaron      min PG 12   60   10   25   4  12   5    7   4    7    6   2   4   0  12   0    29   0   0   0   0  -23
brooks,dillon     mem SF 41 1236  219  501  58 165  90  119  31  145   89  44  81   4 104   2   586   2   0   0  41 -168
brooks,marshon    mem SG  7  193   51  102  19  32  20   23   9   22   25  11  16   3   6   0   141   0   0   0   1   10
brown,anthony     min SF  1    4    1    1   1   1   0    0   0    0    1   0   0   0   0   0     3   0   0   0   0    3
brown,jaylen      bos PF 34 1028  182  399  56 143  78  108  30  140   68  28  63  11  78   1   498   1   0   0  34  125
brown,lorenzo     tor PG  3   55    8   16   2   6   2    2   1    5    1   2   3   0   4   0    20   0   0   0   0   18
brown,markel      hou SG  4   31    2    7   1   5   0    0   1    5    2   0   2   0   6   0     5   0   0   0   0  -17
brown,sterling    mil SG 38  647   64  166  26  79  18   20  21  119   22  23  19   9  60   0   172   3   0   0   4  -57
bryant,thomas     lal  C 12   65    8   20   1   9   4    7   3   16    6   1   2   2   6   0    21   2   0   0   0   -8
bullock,reggie    det SF 35 1108  187  389  90 199  32   38  16  106   69  26  36   9  44   0   496   0   0   0  34   17
burke,trey        nyk PG 36  784  193  384  38 105  37   57  13   71  170  24  43   4  43   0   461   0   0   0   9  -80
burks,alec        uta SG 24  320   44  108  12  41  24   29   4   62   23   5  22   1  23   0   124   0   0   0   1  -37
butler,jimmy      min SF 20  714  151  310  27  71 138  169  25  108   92  43  30  12  30   0   467   1   0   0  20  141
buycks,dwight     det PG 20  283   51  132   8  29  25   28   9   25   37  16  23   1  30   0   135   0   0   0   0  -27
caboclo,bruno     sac SF 10  100    9   29   3  15   5    6   7   21    3   2   4   4   7   0    26   0   0   0   0    1
calderon,jose     cle PG 26  374   47   92  20  43  12   15   6   37   49   9  17   2  33   0   126   0   0   0   9   67
caldwell-pope,ke  lal SG 39 1276  175  391  90 209  87  107  32  218   90  44  46   6  85   0   527   4   0   0  39   11
canaan,isaiah     pho PG  9  186   23   67  10  33  16   20   4   19   27   5  15   1  19   0    72   0   0   0   1   10
capela,clint      hou  C 38 1086  220  345   0   0  72  136 121  398   24  33  42  74  81   0   512   0   0   0  38  198
carroll,demarre   bro SF 37 1142  177  409  85 213  97  127  46  237   82  30  53  16  83   2   536   2   0   0  37  -40
carter,vince      sac SG 33  641   75  179  40 109  22   26  11   99   44  23  27   9  58   0   212   1   0   0   3  -48
carter-williams,  cha PG 22  357   40  108   6  31  29   35  13   54   46  22  16  10  38   0   115   0   0   0   0   24
caruso,alex       lal SG 25  466   44   99  12  39  20   27  13   55   64  22  33   8  39   0   120   0   0   0   7   32
casspi,omri       gsw SF 19  189   27   55   1   4   9   16   9   50   12   6  10   1  17   0    64   0   0   0   1  -19
cauley-stein,wil  sac  C 35 1051  204  412   2   6  77  127  70  269   88  42  57  34 103   2   487   1   0   0  33 -120
cavanaugh,tyler   atl PF 10  112   12   38   6  20   4    4  11   29    2   0   3   1  12   0    34   0   0   0   0  -40
chalmers,mario    mem PG 28  561   71  178  22  77  55   60   5   54   82  34  56   7  74   1   219   2   0   0   3  -15
chandler,tyson    pho  C 17  408   44   65   0   0  17   29  46  141   21   6  24   7  27   0   105   0   0   0  17 -177
chandler,wilson   den SF 37 1187  150  318  48 122  30   46  48  197   81  26  38  25  81   2   378   0   0   0  34   25
chriss,marquese   pho PF 32  676   99  237  22  86  49   81  38  194   33  25  57  30  84   1   269   4   0   0  15 -226
clark,ian         nor SG 39  922  157  328  34 112  28   34   6   78   66  20  36   5  75   0   376   0   0   0   1   20
clarkson,jordan   cle PG 40  958  209  460  60 162  84  100  24  104   98  29  58   5  58   0   562   1   0   0   0   17
cleveland,anton   atl SG  4   41    4    7   3   3   2    2   1    4    0   1   5   1  12   1    13   0   0   0   0  -16
collins,john      atl PF 39 1009  162  285  15  41  63   89  74  297   62  23  54  41 109   2   402   0   0   0  22 -126
collins,zach      por  C 41  692   73  183  25  79  20   26  26  147   33   9  39  20  84   0   191   0   0   0   0  -19
collinsworth,kyl  dal PF 29  456   37   97   3  16  20   38  32  105   54  16  23   9  43   0    97   0   0   0   2  -26
collison,darren   ind PG 29  816  136  270  44  87  45   52  15   66  150  45  33   7  44   0   361   0   0   0  24  105
collison,nick     okl PF  7   30    8   13   0   0   2    9   4    9    1   0   5   0   2   0    18   0   0   0   0  -29
connaughton,pat   por SG 41  676   69  182  30  94  11   13  26   72   42  16  17  11  58   0   179   0   0   0   0   59
cook,quinn        gsw PG 23  636  109  223  41  90  21   24   8   71   73  12  29   1  50   1   280   0   0   0  16  -28
cooke,charles     nor SG  7   20    0    6   0   4   0    0   0    2    0   0   0   0   0   0     0   0   0   0   0   -3
cooley,jack       sac PF  6   85   13   26   0   0  12   17  14   29    5   1   3   0  13   0    38   0   0   0   0   -9
costello,matt     san SF  3   22    1    3   0   0   0    0   1    4    2   2   1   0   4   0     2   0   0   0   0    8
cousins,demarcus  nor  C  7  274   48  117  11  38  45   64  20  105   48  21  39  12  30   0   152   1   0   0   7   43
covington,robert  phi SF 41 1263  169  411  96 271  54   63  23  202   83  70  53  45 117   0   488   0   0   0  41  354
crabbe,allen      bro SG 38 1135  190  449 110 285  54   63  12  163   56  22  30  24  94   0   544   1   0   0  38  -72
craig,torrey      den SG 25  418   47  100  11  35  10   18  34   94   13   6  13  12  42   0   115   0   0   0   2  -54
crawford,jamal    min SG 39  885  163  395  56 171  41   47  15   53   91  19  44   4  37   0   423   2   0   0   0  -34
crawford,jordan   nor SG  3   16    5   13   4   9   1    1   0    1    4   1   1   0   1   0    15   0   0   0   0   -7
crowder,jae       uta SF 39 1040  152  371  64 189  57   77  24  140   54  31  40  13  93   0   425   1   0   0   9   73
cunningham,dante  bro PF 33  669   85  183  28  78  13   21  41  147   26  17  22  17  46   0   211   0   0   0   5  -70
curry,stephen     gsw PG 23  718  182  364  96 221 104  114  18  116  131  33  72   4  46   0   564   0   0   0  23  155
daniels,troy      pho SG 39  905  127  329  99 258  28   33   8   81   26  18  30   3  74   0   381   1   0   0  15 -313
davis,anthony     nor PF 40 1491  445  870  31  96 277  332 102  472   92  78  93 120  94   2  1198   2   0   0  40  165
davis,deyonta     mem  C 34  630  111  184   0   0  23   36  52  165   27   9  18  22  74   0   245   0   0   0   6 -128
davis,ed          por PF 37  721   83  134   0   1  32   46  83  296   24  12  28  25  87   1   198   2   0   0   0   16
dedmon,dewayne    atl  C 40 1013  150  307  35 106  44   54  58  322   61  31  50  32  95   1   379   0   0   0  26  -99
dekker,sam        lac SF 36  327   55   93   3   9  12   20  19   71   18   6  15   2  31   0   125   1   0   0   0   32
delaney,malcolm   atl PG 21  380   42  112  19  48  31   38   3   40   86  15  33   4  29   0   134   0   0   0   1  -27
dellavedova,matt  mil PG 12  225   11   35   9  21  12   12   3   23   42   6  14   0  19   0    43   0   0   0   0   -8
derozan,demar     tor SG 39 1289  280  654  41 154 198  240  24  141  211  38  84  10  78   0   799   4   0   0  39  179
diallo,cheick     nor  C 30  433   77  131   0   0  39   50  35  165   14  10  19  20  55   0   193   0   0   0   0  -20
dieng,gorgui      min  C 41  645   92  198   8  27  32   41  53  176   29  18  27  26  69   0   224   1   0   0   0 -108
dinwiddie,spence  bro PG 40 1192  149  406  61 208 120  147  18  137  267  37  72   7  89   1   479   0   0   0  28 -128
dorsey,tyler      atl SG 41  871  130  342  61 173  39   55  14  115   74  15  30   4  58   1   360   0   0   0   5 -157
dotson,damyean    nyk SG 24  298   49  110  16  46  14   20   5   57   22   9  13   1  21   0   128   0   0   0   1   -3
doyle,milton      bro SG  5   65    7   24   2  11   2    6   1   10    6   4   0   1  10   0    18   0   0   0   0    2
dozier,pj         okl PG  2    3    1    2   0   0   0    0   0    1    0   0   1   0   1   0     2   0   0   0   0   -3
dragic,goran      mia PG 37 1167  242  520  54 141 112  134  26  146  173  28  73   4  95   2   650   2   0   0  37   78
drew,larry_ii     nor PG  9   69    7   24   3   9   0    0   3    3   10   0   3   0   6   0    17   0   0   0   0  -11
drummond,andre    det  C 39 1352  241  464   0   8 121  208 204  660   90  57  93  79 125   1   603   5   0   0  39  -63
dudley,jared      pho SF 32  455   30   81  19  55  17   22   3   55   47  16  20   7  55   0    96   1   0   0   0  -60
dunn,kris         chi PG 16  478   76  191  13  45  36   46   2   54   86  34  39  13  55   0   201   0   0   0  16 -109
durant,kevin      gsw SF 35 1180  323  609  93 208 199  225  11  229  192  25 100  44  59   0   938   4   0   0  35   90
eddie,jarell      chi SG  3    9    0    2   0   2   0    0   0    1    0   1   0   0   0   0     0   0   0   0   0    1
ellenson,henry    det PF 20  208   31   89  11  37  24   26   7   46   14   2   9   0  13   0    97   0   0   0   0  -21
ellington,wayne   mia SG 36 1027  140  354 107 286  38   44  12  105   41  26  32   3  52   0   425   1   0   0   2   69
embiid,joel       phi  C 31  908  246  512  38 116 151  207  71  336   87  20 100  50  96   0   681   2   0   0  31  282
ennis,james       det PG 33  675   88  196  25  79  40   51  27   88   30  22  23  10  65   0   241   0   0   0   8  -99
ennis,tyler       lal PG 32  456   68  153  12  36  10   15  12   65   65  20  28   6  47   0   158   0   0   0   8   12
evans,jawun       lac PG 14  156   15   36   3   9   3    4   1   16   23   6   9   0  22   0    36   0   0   0   0   -3
evans,jeremy      atl SF  1    5    1    1   0   0   0    0   1    1    0   0   1   0   1   0     2   0   0   0   0   -4
evans,tyreke      mem SG 12  372   77  190  26  71  40   52  11   63   85  14  37   3  21   0   220   2   0   0  11   42
exum,dante        uta PG 14  234   42   87   5  18  25   31   4   26   43   8  20   3  20   0   114   0   0   0   0   32
faried,kenneth    den PF  5   48    6   23   0   0   2    4  10   19    0   4   3   1   7   0    14   0   0   0   0    6
favors,derrick    uta PF 39 1087  200  348   9  43  59  104 106  292   47  28  37  46  78   0   468   0   0   0  39  156
felder,kay        det PG  2    6    1    4   0   1   0    0   2    4    0   0   1   0   0   0     2   0   0   0   0   -1
felicio,cristian  chi PF 31  650   89  153   0   2  38   55  59  168   40  12  38   6  58   0   216   0   0   0  16 -166
felton,raymond    okl PG 41  662  107  274  45 126  20   20  14   75  101  26  44   8  51   0   279   0   0   0   2   -9
ferguson,terranc  okl SF 35  493   43  105  29  81   8    8  15   32   14  14   6   9  47   0   123   1   0   0   8  -77
ferrell,yogi      dal PG 41 1131  166  399  71 202  35   45  12  115  111  35  31   5  64   0   438   0   0   0   8  -37
finney-smith,dor  dal PF 13  355   36   99  15  53  10   13  17   65   21  10  14   3  30   0    97   0   0   0  12  -14
forbes,bryn       san SG 39  687   94  228  39  99  34   44   3   53   37  12  13   0  41   0   261   0   0   0   2   97
fournier,evan     orl SG 24  755  157  344  57 158  58   69   5   73   68  16  28   5  55   0   429   3   0   0  24  -24
fox,de'aaron      sac PG 39 1134  191  463  31 100  87  116  17  113  182  37  91  11  88   1   500   0   0   0  39 -174
frazier,tim       was PG 26  323   25   67   6  20   9   14   9   49   81  20  17   5  39   0    65   0   0   0   0   -8
frye,channing     lal  C 18  284   45   93  19  55  10   12   5   58   15   6  11   6  26   0   119   0   0   0   0   23
fultz,markelle    phi PG 10  177   36   84   0   1   4    9   9   35   46   9  11   3  16   0    76   0   0   0   0   63
gallinari,danilo  lac SF 10  321   54  117  20  49  46   51   7   53   13   4  10   8  14   0   174   0   0   0  10  -12
galloway,langsto  det SG 24  365   51  145  27  87  12   15   6   34   34  17   8   1  15   0   141   0   0   0   2  -25
gasol,marc        mem  C 32  989  174  411  51 146 102  122  23  240  143  25  76  39  83   0   501   3   0   0  32 -154
gasol,pau         san  C 38  845  130  299  10  41  83  114  70  302  115  13  52  38  64   0   353   0   0   0  24  -16
gay,rudy          san SF 23  463  106  228  14  49  39   52  30  115   22  19  24  16  36   0   265   0   0   0   1    6
george,paul       okl SF 41 1501  306  718 121 328 205  246  42  240  147  74 102  15 117   0   938   2   0   0  41  138
georges-hunt,mar  min SG 19  149   13   34   2  10  12   17   6   14    4   2   1   0  19   1    40   0   0   0   0  -16
gibson,jonathan   bos PG  4   40   14   23   6  12   0    0   0    3    4   0   3   0   5   0    34   0   0   0   0   -1
gibson,taj        min PF 41 1344  227  387   0   8  61   81  89  264   43  29  41  29 110   3   515   3   0   0  41   52
ginobili,manu     san SG 31  581   88  210  28  81  53   65   8   63   81  18  46   4  63   0   257   0   0   0   0   14
gobert,rudy       uta  C 38 1277  200  317   0   0 148  217 118  429   59  34  72  88 112   0   548   5   0   0  38  386
gordon,aaron      orl PF 26  843  154  405  45 158  56   88  42  200   73  29  52  20  47   0   409   1   0   0  26   -8
gordon,eric       hou SG 30  878  162  366  92 234  58   75  11   80   52  17  43  12  45   0   474   0   0   0   8  265
gortat,marcin     was  C 41  957  133  269   0   0  50   67  98  289   75  18  47  28  87   0   316   2   0   0  41   21
graham,treveon    cha SG 35  572   45  106  19  49  20   30  23   56   30  21  10   1  59   0   129   0   0   0   2  -32
grant,jerami      okl SF 41  815  133  237  18  55  97  143  43  171   28  11  23  40  79   0   381   0   0   0   0   35
grant,jerian      chi PG 33  782   94  224  29  83  68   87  16   78  149  29  39   4  58   0   285   0   0   0  11 -143
gray,josh         pho PG  5   87   11   41   3  13   7   11   2   10   12   8   7   2   8   0    32   0   0   0   0  -69
green,danny       san SG 38  935  112  305  61 178  39   50  27  133   53  30  30  45  80   1   324   1   0   0  28   20
green,draymond    gsw PF 35 1169  146  330  34 126  68   86  34  265  239  45  98  44  96   0   394   5   0   0  35   59
green,gerald      hou SF 32  686  120  308  77 224  35   42   9  102   18  19  21  13  66   0   352   4   0   0   2   77
green,jamychal    mem PF 29  840  122  274  22  71  43   59  87  289   47  15  31  17  86   1   309   1   0   0  28 -133
green,jeff        cle SF 37  902  139  295  25  90  90  103  23  106   40  17  31  19  70   0   393   0   0   0  14   55
griffin,blake     det PF 33 1113  248  558  62 179 119  154  38  237  204  20  93   8  81   1   677  10   0   0  33   65
hamilton,daniel   okl SG  4   19    2    6   1   3   0    0   0    4    4   0   2   0   2   0     5   0   0   0   0  -17
hardaway,tim      nyk SF 36 1168  227  539  82 258  86  104  15  136   85  39  56   5  77   0   622   1   0   0  33 -123
harden,james      hou SG 37 1278  317  707 120 350 305  359  24  214  312  63 161  31  75   0  1059   1   0   0  37  266
harkless,maurice  por SF 25  539   72  129  28  59  18   25  22   64   29  23  13  14  46   0   190   1   0   0  18   40
harrell,montrezl  lac PF 41  815  234  358   1   7  96  151  58  180   49  26  40  32  97   1   565   5   0   0   0   35
harris,devin      den PG 36  686   92  223  44 128  69   82   4   56   81  17  38   5  71   0   297   2   0   0   0  -18
harris,gary       den SG 29  977  191  408  71 175  75   88  12   68   71  52  46   3  52   0   528   0   0   0  27   26
harris,joe        bro SG 39 1003  163  312  77 162  54   62  30  135   72  15  51  12  79   1   457   0   0   0   8  -67
harris,tobias     lac PF 39 1328  288  625  82 209  83  101  24  223  115  40  63  25  96   1   741   2   0   0  39 -140
harrison,andrew   dal PG 31  852  119  287  33 112  69   87  11   79  106  21  46  14  91   2   340   3   0   0  25 -176
harrison,shaquil  pho PG 22  351   51  113   6  24  26   35   8   57   45  24  18   7  39   0   134   0   0   0   1    9
hart,josh         lal SG 27  794  106  214  48 116  42   59  25  152   45  22  29   9  52   0   302   0   0   0  16  -24
haslem,udonis     mia PF  6   26    1   10   0   5   1    2   1    5    2   0   0   1   1   0     3   0   0   0   0  -19
hayes,nigel       sac SF  9  123   11   33   4  16   1    3   4   22    6   2   2   3   8   0    27   0   0   0   0    9
hearn,reggie      det SG  3    7    1    2   1   2   0    0   0    0    0   0   0   0   0   0     3   0   0   0   0   -5
henry,myke        mem SF 20  379   41  109  19  58   6   10  10   38   22  31  19   6  28   0   107   0   0   0   0  -30
henson,john       mil  C 36  989  137  252   1   4  43   71  73  247   62  27  35  50  91   0   318   2   0   0  36   42
hernangomez,juan  den PF  8   71   10   24   3  15   3    3   4   13    4   2   3   1   7   0    26   0   0   0   0  -12
hernangomez,will  cha  C 30  323   53   99   4   8  53   72  42  130   20  13  13  10  37   0   163   0   0   0   1   20
hezonja,mario     orl SF 41 1087  184  421  61 181  69   85  23  177   74  62  55  23  82   0   498   0   0   0  21 -111
hicks,isaiah      nyk PF 18  238   33   72   2   9  12   18  10   41   16   2  16   4  45   1    80   0   0   0   0  -43
hield,buddy       sac SG 41 1095  233  511  94 224  36   41  33  170   91  50  65  16  79   0   596   0   0   0   1  -89
hilario,nene      hou  C 25  357   57  109   0   0  27   48  33   88   21  14  15   5  53   0   141   0   0   0   1  140
hill,george       cle PG 33  885  112  241  39 102  49   61  26   79   95  32  38  15  70   0   312   1   0   0  26   69
hill,solomon      nor SF 12  187   11   41   4  21   3    6   9   36   22   7   9   1  22   0    29   0   0   0   1  -26
hilliard,darrun   san SG  8   45    4   10   0   3   5    5   0    3    7   0   1   0   2   0    13   0   0   0   0   17
holiday,jrue      nor PG 40 1424  323  646  53 153  97  128  37  187  277  65 104  39 105   0   796   0   0   0  40  185
holiday,justin    chi SG 32  906  110  308  65 188  48   59  11  112   60  36  43   4  58   0   333   1   0   0  32 -104
holland,john      cle SG 19  159   16   55  10  34   9   13   6   22    5   7   7   2  10   0    51   0   0   0   0  -17
hollis-jefferson  bro SF 30  840  143  302   5  22 101  133  41  201   87  29  64  21  66   2   392   1   0   0  22 -114
holmes,richaun    phi PF 26  385   70  119   1  12  20   32  32  107   36  11  11  18  41   0   161   0   0   0   0  -13
hood,rodney       cle SG 28  704  134  288  41 111  44   50  11   75   38  19  15   6  49   0   353   0   0   0  12   17
hopson,scotty     dal SG  1    8    0    1   0   0   1    2   0    0    1   0   1   0   0   0     1   0   0   0   0   -8
horford,al        bos  C 34 1041  159  354  44 103  49   58  47  229  142  20  55  40  71   0   411   0   0   0  34  101
house,danuel      pho PF 14  270   40   91  12  42  12   16  12   57   18   5   7   6  16   0   104   0   0   0   2  -43
howard,dwight     cha  C 40 1224  276  479   1   5 165  262 110  509   47  22  80  76 115   1   718   0   0   0  40   18
huestis,josh      okl SF 34  472   26   88  14  52   3    9  25   90    7   6   9  18  34   0    69   0   0   0   9   63
hunter,r.j.       hou SG  5   45    7   20   3  14   2    2   0    5    3   3   2   0   7   0    19   0   0   0   1    1
ibaka,serge       tor PF 40 1070  182  383  52 148  46   55  42  256   38  14  47  42 105   0   462   2   0   0  40  113
iguodala,andre    gsw SF 29  704   72  142  18  52  27   43  20  109   88  26  28  15  52   0   189   1   0   0   3  140
ilyasova,ersan    phi PF 39  957  156  342  47 137  59   74  61  233   51  31  44  16  96   1   418   0   0   0  19   77
ingles,joe        uta SF 41 1319  192  391 109 241  47   59  11  161  216  50  86  13  94   0   540   2   0   0  40  358
ingram,andre      lal SG  2   64    8   17   5   9   3    3   1    6    7   3   3   3   3   0    24   0   0   0   0   20
ingram,brandon    lal SF 20  622  120  242  17  38  54   77  16  104  100  12  45  14  48   0   311   0   0   0  20   35
irving,kyrie      bos PG 21  671  185  369  65 152  79   89  11  100  113  17  48   4  37   0   514   0   0   0  21   37
isaac,jonathan    orl SF 12  252   25   70  11  28   5    7   4   43    7  23  12  15  22   0    66   0   0   0   8  -58
iwundu,wesley     orl SG 39  695   57  137   5  29  24   31  25   89   35  26  23  10  59   1   143   0   0   0   9  -33
jack,jarrett      nyk PG 23  506   66  157  13  39  26   27   8   49  111  10  38   2  30   0   171   0   0   0  18   -9
jackson,aaron     hou SG  1   34    3    9   1   4   1    2   2    3    1   0   1   0   4   0     8   0   0   0   0  -10
jackson,demetriu  phi PG  3   18    3    4   1   1   1    2   1    1    4   1   1   0   1   0     8   0   0   0   0  -13
jackson,josh      pho SF 38 1113  255  585  35 127 110  160  56  215   76  42  78  24 113   1   655   4   0   0  22 -259
jackson,justin    sac SG 41 1041  128  272  35 117  17   23  18  139   56  21  25   8  54   0   308   0   0   0  36 -152
jackson,reggie    det PG 12  308   65  171  10  45  33   40   7   32   58   6  17   1  18   0   173   0   0   0  12   28
james,lebron      cle SF 41 1516  432  818  72 207 202  292  49  381  387  48 175  27  66   0  1138   2   0   0  41   66
james,mike        nor PG  4   18    2    9   0   1   0    0   1    1    6   1   1   0   3   0     4   0   0   0   0  -10
jefferson,al      ind  C 22  296   72  137   0   2  18   21  16   87   19   9  10  14  40   1   162   0   0   0   1    6
jefferson,richar  den SF  9  103    8   14   1   2   2    2   2   14    8   2   4   1   8   0    19   0   0   0   0  -20
jennings,brandon  mil PG 14  207   27   72   9  33  10   10   5   31   44   6  18   4  11   0    73   1   0   0   0  -63
jerebko,jonas     uta PF 41  555   80  177  34  84  21   29  19  125   19   7  11   7  58   0   215   2   0   0   4   31
johnson,amir      phi PF 36  583   63  116   7  17  25   40  54  149   66  19  23  18  86   0   158   0   0   0  10   80
johnson,brice     mem PF  9   60   13   31   0   0   1    3   7   18    1   3   1   4   6   0    27   0   0   0   0  -41
johnson,dakari    okl  C 12   41    3    6   0   0   3    6   7   12    0   1   0   2   6   0     9   0   0   0   1   -8
johnson,james     mia PF 40 1067  176  343  29  99  58   86  34  190  152  39  70  29 101   1   439   0   0   0  30  -21
johnson,joe       hou SF 35  776   86  216  26  94  24   25   5  103   52  10  26   4  46   0   222   0   0   0   1   17
johnson,orlando   mem SG  4   75    9   21   4  12   0    0   4   11    7   2   3   0   6   0    22   0   0   0   0   10
johnson,stanley   det SF 37 1010  132  336  35 124  67   87  18  133   66  55  50   9  92   0   366   2   0   0  28   36
johnson,tyler     mia SG 34  932  145  325  57 149  37   50  13  111   83  30  34  10  62   0   384   0   0   0  29   47
johnson,wesley    lac SF 38  638   64  157  29  80  17   23  13   94   26  34  15  27  60   0   174   0   0   0  17  -15
jokic,nikola      den  C 41 1391  306  596  72 163 168  201 106  456  287  47 121  35 128   1   852   1   0   0  41  207
jones,damian      gsw  C 14   87   11   22   0   0   3    5   4   13    2   1   4   3  13   0    25   0   0   0   0    2
jones,derrick     mia SF 10  144   10   33   2  12   7   11  15   24    4   2   5   6  13   0    29   0   0   0   6  -23
jones,jalen       dal SF 10  161   25   63   9  25  10   17  13   35    4   5   8   1  18   0    69   0   0   0   0  -25
jones,tyus        min PG 41  694   82  180  25  73  37   42   9   55  120  43  29   3  53   0   226   0   0   0   2   55
jordan,deandre    lac  C 36 1105  174  277   0   0  97  173 149  562   66  20  70  28  84   0   445   4   0   0  36 -101
joseph,cory       ind PG 41 1160  132  314  30  94  32   46  24  147  131  43  44   8  79   0   326   0   0   0  16  -39
kaminsky,frank    cha PF 41  952  153  357  58 147  94  116  23  140   74  20  35   9  42   0   458   0   0   0   4   20
kanter,enes       nyk  C 33  872  203  346   0   0  83  100 139  398   55  14  59  19  94   0   489   1   0   0  33 -106
kennard,luke      det SG 37  834  117  262  45 112  46   53  12  106   81  17  37   7  55   1   325   1   0   0   5   26
kidd-gilchrist,m  cha SF 39  926  136  260   0   0  60   87  36  131   29  26  31   8  68   0   332   0   0   0  39  -35
kilpatrick,sean   chi SG 28  398   72  181  30  87  44   51   4   43   27  11  19   4  19   0   218   0   0   0   1  -96
kleber,maximilia  dal SF 36  546   67  145  22  69  25   32  28  112   29  16  18  23  56   0   181   0   0   0   9  -69
korkmaz,furkan    phi SG  8   47    5   16   4   9   0    2   0    5    2   1   1   1   8   0    14   0   0   0   0  -41
kornet,luke       nyk PF 20  325   49  125  28  79   8   11  11   64   26   5  12  16  28   0   134   0   0   0   1  -71
korver,kyle       cle SG 32  655   84  188  63 149  29   32   4   82   42  16  24  14  60   0   260   0   0   0   4   82
koufos,kosta      sac  C 31  657  120  202   0   0  10   25  72  233   37  20  21  13  76   0   250   2   0   0   9  -31
kuzma,kyle        lal PF 37 1144  217  492  80 221  60   90  31  233   68  28  64  16  72   0   574   1   0   0  17  -10
labissiere,skal   sac PF 24  630   96  220  13  38  46   58  44  136   47  10  34  28  58   0   251   0   0   0  13  -54
lamb,jeremy       cha SG 40  925  177  379  48 121  66   75  27  137   89  29  42  16  68   0   468   0   0   0   4   83
larkin,shane      bos PG 24  445   47  124  16  46  17   19  11   57   63  19  22   2  26   0   127   1   0   0   2    8
lauvergne,joffre  san PF 31  270   58  102   0   1  13   21  33   94   22   2  16   3  17   0   129   0   0   0   0   -5
lavine,zach       chi SG 24  653  136  355  42 123  87  107   9   95   72  24  43   4  55   0   401   1   0   0  24 -172
layman,jake       por PF 16   49    4   13   1   5   0    1   1    4    5   3   2   1   1   0     9   0   0   0   0  -15
leaf,t.j.         ind PF 21  154   20   43   4  14   7    9   5   27    3   0   2   2  13   0    51   0   0   0   0  -42
lee,courtney      nyk SG 35  955  136  302  44 119  41   48  10   82   66  24  29  10  47   0   357   1   0   0  28 -212
lee,damion        atl SG 15  403   62  152  15  60  22   29  11   71   29  19  14   1  25   0   161   0   0   0  11  -24
lemon,walt        nor PG  5   35    7   16   1   1   2    3   0    2    5   0   4   1   5   0    17   0   0   0   0  -15
len,alex          pho  C 33  613   98  166   1   3  67  109  73  213   32  15  29  24  74   1   264   1   0   0  10 -155
leonard,kawhi     san SF  1   28    5    8   0   1   9   11   0    8    4   4   3   1   1   0    19   0   0   0   1   13
leonard,meyers    por PF 18  118   19   33   4  13   3    3   6   36   10   4   6   0  16   0    45   0   0   0   0  -19
levert,caris      bro SG 32  815  147  340  37 112  59   81  26  115  138  31  57   8  74   0   390   0   0   0   1 -113
liggins,deandre   nor SG 24  233   16   38   8  17   0    0   1   25   20  10   7   4  19   0    40   0   0   0   3  -79
lillard,damian    por PG 39 1426  347  769 131 358 287  314  34  160  264  41  97  12  58   0  1112   0   0   0  39  267
livingston,shaun  gsw PG 37  590   92  187   0   3  29   32  15   72   72  21  32  10  63   0   213   0   0   0   1  -33
looney,kevon      gsw SF 35  608   78  133   1   5  25   47  55  138   29  25  15  32  59   0   182   0   0   0   5  100
lopez,brook       lal  C 41 1014  216  448  66 183  54   81  35  160   72  12  44  49 100   0   552   1   0   0  40  -42
lopez,robin       chi  C 23  532  112  202   2   7  15   20  37   90   35   4  37  17  30   0   241   6   0   0  23  -86
love,kevin        cle PF 19  499   88  193  43 101  53   61  12  160   34  19  22   7  35   0   272   0   0   0  19   86
lowry,kyle        tor PG 40 1262  208  486 126 310 108  130  37  205  272  39  82  14 107   2   650   4   0   0  40  202
luwawu-cabarrot,  phi SG 15  241   28   76  20  50   9    9   1   14   18   2   9   2  26   0    85   0   0   0   6   21
lyles,trey        den PF 37  674  129  282  32 106  48   67  25  170   56  12  30  21  59   0   338   1   0   0   1    1
mack,shelvin      orl PG 40  871  140  304  38 105  44   60  15  108  160  39  62   5  64   0   362   1   0   0   0  -64
magette,josh      atl PG 10  152   11   34   7  18   4    4   1   13   40   6   7   1  10   0    33   0   0   0   0   -4
mahinmi,ian       was  C 38  573   87  149   0   2  47   67  69  165   25  19  52  25 115   1   221   1   0   0   0  -31
maker,thon        mil  C 33  480   62  148  12  50  30   40  28   73   17  15  16  19  60   0   166   0   0   0   4  -37
marjanovic,boban  lac  C 22  204   48   88   0   0  46   58  36  107   11   8  19   6  27   0   142   1   0   0   0   66
markkanen,lauri   chi PF 30  890  169  382  59 160  68   80  37  221   30  21  34  20  41   0   465   0   0   0  30 -204
martin,jarell     mem PF 34  975  141  310  23  60  56   76  55  190   54  17  55  22 112   1   361   0   0   0  23 -192
mason,frank       sac SF 23  448   68  182  13  43  46   52  17   68   63  19  27   6  40   0   195   0   0   0   0  -23
mathiang,mangok   cha PF  1    9    4    5   0   0   0    1   2    4    0   1   0   0   3   0     8   0   0   0   0    3
matthews,wesley   dal SG 22  723  104  259  56 153  34   41  16   71   55  32  26   9  50   0   298   3   0   0  22  -99
mbah_a_moute,luc  hou SF 37  957  106  214  38 106  47   68   9  105   32  42  40  13  56   0   297   0   0   0  12  139
mccaw,patrick     gsw SF 19  367   33   95   4  25  10   11   5   28   27  13  20   5  28   0    80   0   0   0   5  -87
mccollum,cj       por SG 41 1458  339  773  95 249  97  122  24  153  137  37  73  21  81   0   870   1   0   0  41  120
mcconnell,t.j.    phi PG 40  812   89  195  11  25  13   16  18  102  133  43  43   3  57   0   202   1   0   0   0  -38
mccree,erik       uta SF  4    8    0    2   0   1   0    0   0    1    0   1   1   0   0   0     0   0   0   0   0   -9
mccullough,chris  was PF  7   27    3    8   0   2   4    6   1    5    3   0   2   2   0   0    10   0   0   0   0   -4
mcdermott,doug    dal SF 40  788  106  230  45  99  32   40  12   88   38  12  27   4  55   0   289   0   0   0   3   -9
mcgee,javale      gsw  C 34  357   84  135   0   2  19   27  38  109   18  12  14  34  53   1   187   1   0   0  13   16
mcgruder,rodney   mia SG 18  300   36   73  15  35   4    8  11   32   17   8   4   3  21   0    91   0   0   0   2   33
mckinney,trey     ind SG  1    1    0    0   0   0   0    0   0    0    0   0   0   0   0   0     0   0   0   0   0    0
mckinnie,alfonzo  tor SF  5   21    4    8   2   5   0    0   1    2    0   0   2   0   2   0    10   0   0   0   0  -27
mclemore,ben      mem SG 32  689   99  232  36  99  38   45  24   91   31  24  40   9  78   1   272   1   0   0  12 -268
mcroberts,josh    dal PF  2    6    0    1   0   1   0    0   0    0    0   0   0   0   2   0     0   0   0   0   0    0
meeks,jodie       was SG 36  460   79  170  36  91  39   46   6   58   34  10  15   3  17   0   233   0   0   0   0  -99
mejri,salah       dal  C 25  314   38   62   0   1  17   26  42  105   17  11  21  24  54   1    93   1   0   0   0   -7
mickey,jordan     mia  C  7   53    7   15   1   5   2    3   4   11    0   3   4   3   6   0    17   0   0   0   1  -23
middleton,khris   mil SF 41 1460  296  626  66 178 173  196  28  224  153  70  99  15 132   1   831   1   0   0  41   74
miles,cj          tor SF 36  711  118  319  83 243  45   56  11   88   34  13  24  10  69   0   364   0   0   0   0  217
miller,darius     nor SF 41 1065  113  259  72 183  24   28  13   99   60  16  38  11  81   0   322   0   0   0   1  -22
miller,malcolm    tor SF 11  113   11   23   6  17   4    4   3   14    3   1   5   2   9   0    32   0   0   0   4    9
mills,patty       san PG 41 1103  148  366  82 227  55   63  14   75  115  26  53   5  73   0   433   0   0   0  24   59
millsap,paul      den PF 22  669  112  234  19  55  67   96  41  146   55  22  39  24  60   0   310   0   0   0  21   61
mirotic,nikola    nor PF 38 1068  203  471  88 257  70   81  42  286   54  36  43  33  75   0   564   2   0   0  11  107
mitchell,donovan  uta SG 40 1422  327  748 100 300 144  185  34  167  157  61 121   9  88   0   898   1   0   0  40  357
monk,malik        cha SG 30  399   86  232  45 131  20   21   6   33   45  12  27   6  28   0   237   0   0   0   0  -50
monroe,greg       bos  C 32  624  133  238   0   0  63   84  66  207   71  34  64  20  58   0   329   3   0   0   3 -124
moore,ben         ind PF  2    9    0    0   0   0   0    0   0    1    1   0   0   0   4   0     0   0   0   0   0  -15
moore,e'twaun     nor SG 41 1269  202  420  58 143  25   33  26  127   98  40  51   5  88   0   487   1   0   0  41  197
moreland,eric     det  C 30  364   43   73   0   0   4   16  38  145   37  17  22  26  47   0    90   0   0   0   2  -10
morris,jaylen     atl SG  6  100   13   31   2   9   0    0   2   16    7   2   6   1   2   0    28   0   0   0   0  -42
morris,marcus     bos PF 34  983  183  415  60 160  84  103  34  187   44  24  41   6  61   0   510   8   0   0  11  -17
morris,markieff   was PF 40 1145  197  404  45 125  61   75  38  229  104  36  71  20 113   1   500   5   0   0  40   21
morris,monte      den PG  2   23    4    5   0   0   2    2   0    2    6   3   1   0   1   0    10   0   0   0   0   -3
motley,johnathan  dal PF 10  172   39   74   1   6  13   24  14   48    7   3   9   1  18   0    92   0   0   0   4  -21
mozgov,timofey    bro  C  6   39    9   14   0   0   4    5   4   13    3   0   4   4   4   0    22   0   0   0   0   16
mudiay,emmanuel   nyk PG 33  629  104  276  12  62  43   60  13   77  111  25  51   6  42   0   263   0   0   0  14 -131
muhammad,shabazz  mil SF 20  165   48   92   3   8  26   32  11   38    7   4   3   1  10   0   125   0   0   0   0    3
munford,xavier    mil PG  6   22    1    6   0   2   1    2   1    1    4   1   2   0   4   0     3   0   0   0   0  -12
murray,dejounte   san SG 40 1023  170  363   6  19  58   80  69  278  134  69  72  19  82   0   404   0   0   0  35   69
murray,jamal      den SG 40 1352  239  525  88 223 127  142  38  156  163  42  87  15  95   2   693   3   0   0  39  101
muscala,mike      atl PF 40  822  116  255  54 146  43   46  42  177   42  23  34  22  54   0   329   0   0   0   2  -14
nader,abdel       bos SF 29  372   35  105  16  43  22   36   8   51   19  10  26   6  32   0   108   0   0   0   1  -28
nance,larry       cle PF 36  770  128  227   2  10  50   71  86  255   38  46  21  27  88   0   308   0   0   0   9   78
napier,shabazz    por PG 39  798  100  275  46 131  54   63  15   88   73  34  46   8  45   0   300   0   0   0   3   46
nelson,jameer     det PG 13  202   25   71   9  35   3    3   3   18   42   5  14   1  24   0    62   2   0   0   0  -68
neto,raul         uta PG 24  273   36   81   9  25  18   22   5   26   42   7  24   2  24   0    99   0   0   0   0   31
niang,georges     uta SF  9   33    4   11   0   4   1    2   3    9    3   2   3   0   1   0     9   0   0   0   0  -13
noah,joakim       nyk  C  1    5    1    1   0   0   0    0   0    1    0   0   1   0   0   0     2   0   0   0   0   -6
noel,nerlens      dal PF 12  246   27   52   0   1   5    9  22   95   14  21  11  12  28   1    59   0   0   0   0  -23
nogueira,lucas    tor  C 25  153   15   25   2   8   7   14   5   32   13   8   6  13  15   0    39   0   0   0   1   50
nowitzki,dirk     dal PF 36  865  156  352  70 176  48   53   5  207   48  22  20  27  74   0   430   2   0   0  36  -19
ntilikina,frank   nyk PF 40  895   98  264  27  85  24   32  21   90  121  20  62  11  81   1   247   0   0   0   9  -94
nurkic,jusuf      por  C 41 1056  255  460   0   0  68  111 113  404   70  36  84  64 130   1   578   3   0   0  41  159
nwaba,david       chi PG 41  986  120  271  14  37  79  115  61  192   66  35  52  14  97   1   333   0   0   0  18 -237
o'bryant,johnny   cha  C 10  111   16   42   6  14   6    7   7   25    4   1   2   2  17   0    44   0   0   0   0  -16
o'neale,royce     uta SF 41  860   92  210  27  76  39   46  19  176   69  26  43  15  83   0   250   0   0   0   4  102
o'quinn,kyle      nyk  C 36  689  109  187   4  12  47   60  58  223   76  16  45  55  78   0   269   4   0   0   7  -82
ojeleye,semi      bos PF 37  632   36   95  19  52  12   20  17   88   11   8  13   4  55   1   103   0   0   0   0  -95
okafor,emeka      nor  C 26  352   48   95   0   0  18   22  47  120    8   8  13  25  30   0   114   0   0   0  19    0
okafor,jahlil     bro  C 21  255   61   97   1   2  17   23  15   60   11   2  14  14  36   0   140   0   0   0   0  -99
oladipo,victor    ind SG 39 1324  322  692  68 207 138  170  27  201  176 105 115  23  88   0   850   2   0   0  39  208
olynyk,kelly      mia  C 35  799  164  334  53 158  65   84  40  193  120  27  59  16  92   0   446   1   0   0   3  199
onuaku,chinanu    hou PF  1   22    2    5   0   0   0    0   1    4    1   0   3   0   4   0     4   0   0   0   0   -8
osman,cedi        cle SF 27  395   60  123  23  62  17   34  12   65   30  15  22   2  43   0   160   0   0   0  12   18
oubre,kelly       was SF 40 1128  156  417  65 209 102  126  27  163   52  44  46  17 116   0   479   6   0   0   2 -140
pachulia,zaza     gsw  C 37  504   82  143   0   1  41   52  56  170   57  16  36  11  66   0   205   1   0   0  25    9
paige,marcus      cha PG  4   24    4   12   2   8   2    2   0    2    3   0   0   0   0   0    12   0   0   0   0   15
papagiannis,geor  na   C  8   51    6   17   0   0   0    0   5   15    7   2   5   3   6   0    12   0   0   0   0  -15
parker,jabari     mil PF 31  741  160  332  31  81  40   54  42  150   59  25  45  10  50   0   391   1   0   0   3  -65
parker,tony       san PG 39  722  117  271   8  28  40   55   4   58  127  22  40   0  40   0   282   0   0   0   5  -31
parsons,chandler  mem SF 10  147   21   55  12  26   2    2   2   16   16   5   6   2   7   0    56   0   0   0   1 -106
patterson,patric  okl PF 41  689   63  149  37  92  24   30  23  117   35  27  14  15  48   0   187   1   0   0   3  -20
patton,justin     min  C  1    4    1    2   0   0   0    0   0    0    0   1   0   0   1   0     2   0   0   0   0    3
paul,brandon      san SG 24  145   13   32   2  12   4   13   3   17    5   1  10   2  16   0    32   0   0   0   0    6
paul,chris        hou PG 34 1082  215  464  82 216 122  133  19  177  236  52  66   3  77   1   634   5   0   0  34  305
payne,cameron     chi PG 25  584   87  215  35  91  12   16  18   69  113  26  36   9  44   0   221   1   0   0  14  -89
payton,elfrid     pho PG 31  876  160  336   9  38  61   88  28  146  185  38  82  12  73   0   390   1   0   0  31 -285
payton,gary       lal SG 11  114   17   41   4  13   1    6   9   27   12   4   4   2  13   0    39   0   0   0   0    0
perkins,kendrick  cle  C  1   15    1    2   0   0   1    2   0    1    2   1   1   0   1   0     3   0   0   0   0    3
perrantes,london  cle PG 11   63    2   11   0   2   3    5   1    4    5   2   1   1   5   0     7   0   0   0   0  -13
peters,alec       pho PF 17  181   15   50   9  41   4    6   7   25   10   1   3   0  11   0    43   0   0   0   0   25
plumlee,marshall  mil  C  7   52    1    3   0   0  12   16   4   17    2   0   3   1  10   0    14   0   0   0   0    1
plumlee,mason     den  C 33  603   99  155   0   0  36   67  59  160   60  21  39  34  93   1   234   1   0   0   7  -56
plumlee,miles     atl  C 33  507   56  105   0   0  14   30  47  142   24   7  34  20  49   0   126   0   0   0  16 -135
poeltl,jakob      tor  C 41  815  128  194   0   0  30   43  81  203   37  24  52  57 107   0   286   0   0   0   0  131
pondexter,quincy  chi SG  4   11    0    0   0   0   0    0   0    3    2   1   0   0   0   0     0   0   0   0   0    2
porter,otto       was SF 40 1261  238  468  71 164  61   73  58  253   91  59  45  19  78   0   608   0   0   0  40  140
portis,bobby      chi PF 41  976  229  495  51 143  60   83  96  291   70  36  68  13  95   0   569   3   0   0   4  -71
porzingis,krista  nyk PF 13  397   93  207  29  64  42   62  16   80   14  17  15  36  41   1   257   2   0   0  13  -29
powell,dwight     dal PF 39  940  141  235  16  40  83  117  76  252   55  34  33  17 101   0   381   1   0   0  24  -85
powell,norman     tor SG 33  416   54  131  22  78   3    3   6   49   32   9  22   4  39   0   133   0   0   0   6  -37
poythress,alex    ind SF 10   33    5   11   1   4   0    0   2    6    1   0   0   0   5   0    11   0   0   0   0  -35
prince,taurean    atl SF 41 1192  220  525 102 275  94  106  17  161  113  46 104  15  84   1   636   1   0   0  41 -232
purvis,rodney     orl SG 16  291   35  107  13  52  13   15   1   27   17   3  10   3  26   0    96   0   0   0   2  -58
qi,zhou           hou PF  4   48    2    8   0   4   1    2   4    9    1   0   5   8   2   0     5   0   0   0   0  -14
quarterman,tim    hou SG  3   13    1    3   0   2   2    2   0    3    1   0   2   0   1   0     4   0   0   0   0  -10
rabb,ivan         mem PF 31  509   83  147   0   0  29   36  52  154   31  12  34  13  54   0   195   0   0   0   5  -93
randle,julius     lal PF 41 1256  298  525   2  15 188  251 106  368  129  24 118  17 138   3   786   2   0   0  41  -34
randolph,zach     sac PF 22  564  128  290  26  67  21   26  29  138   51  12  48   4  45   0   303   0   0   0  22 -103
rathan-mayes,xav  mem SG  5  118   12   42   1  14   4    9   0    5   18   6  11   3  18   0    29   1   0   0   0  -59
redick,jj         phi SG 34  941  194  410  95 218  91  106   3   80   90  16  50   3  46   0   574   3   0   0  34  226
reed,davon        pho SG 20  231   21   73  11  38   8   12   2   38   13  10   9   2  15   0    61   0   0   0   0  -66
reed,willie       chi PF  9   92   16   22   0   0   4    6   8   28    4   2   7   6  13   0    36   0   0   0   5   10
richardson,josh   mia SG 40 1296  203  455  61 149  59   68  37  152  126  71  56  39  89   0   526   3   0   0  40   27
richardson,malac  tor SG  4   42    4   11   0   4   1    2   1    5    0   1   1   1   1   0     9   0   0   0   0  -30
rivers,austin     lac SG 29 1011  158  367  55 160  43   68  12   78  127  34  49   8  71   0   414   2   0   0  29  -20
roberson,andre    okl SG  5  120   10   15   0   0   3   11   9   23    7   9   1   4  13   0    23   0   0   0   5   78
robinson,devin    was SF  1   13    1    3   0   0   0    0   2    5    0   1   0   0   2   0     2   0   0   0   0   10
robinson,glenn    ind SG 23  338   36   85  14  34   9   11  11   37   17  13   5   1  14   0    95   0   0   0   1   -1
rondo,rajon       nor PG 38 1026  143  311  30  93  19   38  20  164  321  46  95   5  67   0   335   1   0   0  37   76
rose,derrick      min PG 18  232   42  103   4  17  21   25   6   17   25   5  16   3   5   0   109   0   0   0   0   -1
ross,terrence     orl SF  2   24    4   14   2   8   1    1   0    3    3   0   4   2   1   0    11   0   0   0   0  -24
rozier,terry      bos PG 39 1117  177  452  87 228  74   97  37  195  147  38  48  15  65   0   515   1   0   0  16   67
rubio,ricky       uta PG 37 1085  185  422  53 128 122  143  27  193  217  57  92   6 104   0   545   1   0   0  37  343
russell,d'angelo  bro PG 36  895  182  463  71 214  54   68  21  132  181  24  99  15  63   1   489   1   0   0  23 -118
sabonis,domantas  ind PF 35  850  146  304   6  19  74   95  68  260   71  24  57  14 108   1   372   0   0   0  10   26
sampson,jakarr    sac SF 16  243   31   59   3   7   8   14  13   48    7   6   6  18  31   0    73   0   0   0   4  -10
saric,dario       phi PF 37 1085  205  434  85 201 102  120  68  247   99  21  71   7  71   0   597   2   0   0  37  295
satoransky,tomas  was SG 41 1113  140  262  32  65  52   57  48  156  205  38  65  12  90   0   364   0   0   0  30   83
schroder,dennis   atl PG 29  863  199  471  34 120 104  126  14   94  171  29  84   3  67   1   536   2   0   0  29 -129
scott,mike        was PF 39  707  131  274  29  77  28   45  24  123   53   8  35   2  69   0   319   2   0   0   0  -75
sefolosha,thabo   uta SF  1   16    3    5   1   1   0    0   2    4    2   0   1   1   2   0     7   0   0   0   1   -2
selden,wayne      mem SG 28  616  104  239  44 108  37   47  14   48   58  16  48   5  54   0   289   4   0   0   8 -112
sessions,ramon    was PG 15  224   25   63   6  15  32   42   5   20   50   7  16   1  15   0    88   0   0   0   0  -58
shumpert,iman     cle SG  1    6    0    1   0   1   0    0   0    1    0   0   0   0   2   0     0   0   0   0   0   -2
siakam,pascal     tor PF 41  883  142  260  18  54  32   49  32  180   87  26  38  19  86   0   334   0   0   0   1  187
silas,xavier      bos SG  1    7    0    3   0   2   0    0   1    2    0   1   0   0   1   0     0   0   0   0   0    1
simmons,ben       phi SF 41 1327  265  453   0   1  86  152  74  339  374  65 119  31  95   1   616   2   0   0  41  361
simmons,jonathon  orl SG 29  884  142  295  32  85  86  107  22   86   81  26  58   9  73   1   402   0   0   0  29  -67
simmons,kobi      mem PG 21  483   64  150   8  28  20   20  11   32   57  12  36   2  45   1   156   0   0   0  12 -199
singler,kyle      okl SF  5   17    1    5   0   0   5    6   1    4    2   0   1   0   1   0     7   0   0   0   0   -9
smart,marcus      bos PG 15  418   61  139  21  72  30   39  11   44   70  23  33   3  30   0   173   0   0   0   2   40
smith,dennis      dal SG 36 1137  226  573  55 188  86  119  25  131  209  41 104  10  85   1   593   2   0   0  36 -149
smith,ish         det PG 41 1149  211  420  31  78  42   64  11  117  198  42  63  10  78   0   495   0   0   0  27   30
smith,jason       was PF 16  124   26   52   3  13  10   12   5   23   11   1   7   6  15   0    65   0   0   0   0  -64
smith,jr          cle SG 40 1053  134  311  73 182  19   27  12  118   61  29  44   7  73   0   360   0   0   0  24  -71
snell,tony        mil SG 39  984   82  205  53 134   9   10   4   61   50  24  18  16  57   0   226   0   0   0  30  -65
speights,marrees  orl PF 19  261   58  133  37  92  17   21   6   47   17   3  20  11  42   0   170   2   0   0   2    6
stauskas,nik      bro SG 22  275   30   79  17  50  10   14   1   31   24   4   9   3  15   0    87   0   0   0   0  -22
stephenson,lance  ind SG 41  881  157  375  37 133  43   66  25  196  115  26  64  10  87   0   394   4   0   0   2  -31
stockton,david    uta PG  3    9    2    3   2   3   4    4   0    0    0   0   1   0   3   0    10   0   0   0   0  -11
stone,julyan      cha PG 17  145    4    9   4   9   1    2   1   21   19   2   3   1  15   0    13   0   0   0   0   51
sumner,edmond     ind PG  1    2    1    1   0   0   0    0   0    1    0   0   0   0   1   0     2   0   0   0   0   -6
swanigan,caleb    por PF 12   57    9   18   0   3   4    5   3   18    5   0   7   0  13   0    22   0   0   0   0    1
tatum,jayson      bos SF 39 1162  203  451  47 118  80   97  20  175   72  45  63  27  82   0   533   1   0   0  39  148
taylor,isaiah     atl PG 33  667  105  243  11  47  66   91  11   47  132  18  54   2  72   1   287   0   0   0   9  -42
teague,jeff       min ?? 39 1253  201  452  42 116 136  159  11  113  267  56  85  11  91   0   580   3   0   0  39   61
teague,marquis    mem PG  3   73    4   16   1   4   2    5   1    6   13   4   3   0   5   0    11   0   0   0   0  -24
temple,garrett    sac SG 25  619   86  179  36  81  29   35   8   53   53  21  32   5  52   0   237   0   0   0   4   -7
teodosic,milos    lac PG 31  792  109  241  64 155  28   32   7   83  132  18  65   2  71   0   310   1   0   0  22    9
terry,jason       mil SG 36  668   51  129  38 100   6    7   5   36   51  33  21   8  39   0   146   0   0   0   4   62
theis,daniel      bos PF 24  436   60  105  11  31  22   32  45  122   34  14  17  21  68   0   153   0   0   0   1   37
thomas,isaiah     lal PG 28  779  139  370  49 165 110  120  14   62  140  15  84   2  50   0   437   5   0   0  12  -91
thomas,lance      nyk SF 35  635   47  123  29  66  14   16  15   73   26  16  17  10  69   1   137   0   0   0  14 -137
thompson,klay     gsw SG 32 1109  244  492  89 212  36   46  10  110   77  28  56   9  50   0   613   0   0   0  32   88
thompson,tristan  cle  C 32  674   87  162   0   0  22   41  86  235   22  11  24  10  64   0   196   0   0   0  17  -77
thornwell,sindar  lac SG 33  613   52  119  10  24  35   52  20   77   39  25  25  12  55   0   149   1   0   0   9    1
tolliver,anthony  det PF 41 1009  140  279 100 209  68   82  26  140   52  17  26  12  80   1   448   0   0   0  10    8
towns,karl-antho  min  C 41 1450  330  592  58 131 195  222 128  525  114  26  73  52 142   2   913   2   0   0  41  186
tucker,pj         hou SF 41 1172   97  245  70 177  12   21  47  214   40  38  36  14  92   1   276   1   0   0  30  268
turner,evan       por SG 38  936  115  264  23  69  41   47  15   96   76  20  37  13  73   0   294   1   0   0  22   -9
turner,myles      ind PF 32  871  133  286  28  73  75   92  54  201   35  21  41  46  96   0   369   0   0   0  30   77
udoh,ekpe         uta  C 25  189   15   32   0   1  12   17  19   45    9  13   7  28  23   0    42   0   0   0   0   42
ulis,tyler        pho PG 31  718   98  250  22  80  32   37  11   53  146  31  52   4  56   0   250   0   0   0  16 -123
valanciunas,jona  tor  C 40  947  231  398  24  56  79  104 100  363   57  17  64  44  98   0   565   2   0   0  40  127
valentine,denzel  chi SG 36  924  150  358  67 179  23   32  19  176  123  32  56   7  94   1   390   0   0   0   7  -77
vanvleet,fred     tor PG 35  778  127  290  65 148  54   64  15   96  126  34  35  12  61   0   373   2   0   0   0  192
vaughn,rashad     orl SG 10   50    3    8   2   4   0    0   2    6    1   1   5   0   3   0     8   0   0   0   0   -8
vonleh,noah       chi PF 27  434   60  148  20  66  15   31  35  155   22  13  17   6  27   0   155   0   0   0   4  -38
vucevic,nikola    orl  C 23  665  151  335  16  64  31   38  40  208   79  21  46  25  61   0   349   0   0   0  23  -30
wade,dwyane       mia SG 29  643  137  318  13  54  57   79  20  106   85  25  67  19  57   0   344   2   0   0   0  -61
walker,kemba      cha PG 41 1387  304  691 135 325 178  202  15  117  223  43  98  14  44   0   921   0   0   0  41   59
wall,john         was PG 11  389   79  187  20  47  43   53   2   37  121  17  58  13  22   0   221   3   0   0  11  -27
wallace,tyrone    lac SG 25  729   93  210   7  34  44   56  20   91   62  20  42  10  71   0   237   0   0   0  18  -32
walton,derrick    mia SF  4   41    2    7   2   6   2    2   2    8    3   3   0   0   2   0     8   0   0   0   0   -5
warney,jameel     dal PF  3   27    7   12   0   0   3    5   4    9    0   0   1   0   2   0    17   0   0   0   0   -5
warren,tj         pho SF 25  858  209  406   9  28  62   85  46  107   28  27  25  15  58   0   489   1   0   0  25 -293
wear,travis       lal SF 17  229   25   72  17  47   8    8   0   38    7   4   6   5  30   0    75   0   0   0   0   11
webb,james        bro SF 10  120    6   24   4  19   0    0   8   24    4   1   4   0  10   0    16   0   0   0   0  -26
weber,briante     mem PG  5  119   10   21   0   2   4    6   5   17    9   8   8   2  10   0    24   0   0   0   0  -48
west,david        gsw PF 34  488   94  187   0   1  33   40  27  103   68  21  43  35  54   0   221   2   0   0   0  -46
westbrook,russel  okl PG 39 1432  382  819  37 135 211  276  79  410  404  66 195  12 100   1  1012   7   0   0  39  189
white,derrick     san PG  8   81   12   24   8  12   9   12   1   13    5   1   2   1   2   0    41   0   0   0   0   10
white_iii,andrew  atl SF 15  208   25   73  18  49   1    4   4   34    6   3   8   1  12   0    69   0   0   0   0  -76
whitehead,isaiah  bro SG  6   39   10   23   2   6   2    2   1    6    2   1   2   0   7   0    24   0   0   0   0    5
whiteside,hassan  mia  C 31  772  177  332   0   0  78  112 103  346   39  19  59  56  81   2   432   2   0   0  31  -64
wiggins,andrew    min SG 41 1490  295  660  54 161  88  131  39  192   89  41  75  24  86   1   732   0   0   0  41   18
williams,alan     pho PF  5   70    7   18   0   0   6    9   3   22    8   5   7   1  13   0    20   0   0   0   0    1
williams,c.j.     lac SG  9  162   20   52   1  18   2    2   2   13   19   7   4   0  13   0    43   0   0   0   4   -9
williams,derrick  lal PF  1    8    1    4   0   2   0    0   0    1    0   0   0   0   0   0     2   0   0   0   0   -5
williams,lou      lac SG 39 1324  289  683  68 232 213  250  20   96  219  53 117  12  50   0   859   1   0   0   9  101
williams,marvin   cha PF 37  947  124  280  62 158  49   63  34  175   51  27  37  23  55   1   359   0   0   0  37   56
williams,troy     nyk SF 17  291   49  100  11  33  19   27  21   59   15  19  18   4  32   0   128   0   0   0   1  -10
wilson,d.j.       mil SG  9   23    5    7   2   2   1    2   2    4    1   3   0   1   2   0    13   0   0   0   0   -5
winslow,justise   mia SF 41 1068  135  318  33  88  49   78  38  224   97  35  49  23  93   1   352   3   0   0  10  109
wright,brandan    hou PF  4   56    9   14   0   0   1    4   2   10    4   1   2   2   6   0    19   0   0   0   0   10
wright,delon      tor PG 40  813  110  249  36  95  47   62  23  111  127  39  39  15  45   0   303   1   0   0   1  140
yabusele,guersch  bos PF 16  157   16   36   5  20  13   20   8   28   11   4   8   4  11   0    50   0   0   0   4   22
young,james       phi SG  6   61    5   14   3  10   4    6   0    2    2   0   1   0   4   0    17   0   0   0   0  -26
young,joe         ind PG 28  340   42  106  15  38   6    7   7   37   22  10  16   0  26   0   105   0   0   0   1  -46
young,nick        gsw SG 41  831  106  274  66 181  36   37  13   72   19  22  20   3  56   0   314   4   0   0   8  -18
young,thaddeus    ind PF 40 1286  209  427  23  78  34   56 103  271   70  69  53  19  84   0   475   1   0   0  40  146
zeller,cody       cha PF 14  249   38   61   1   2  19   27  21   72   15   5  12   0  29   1    96   0   0   0   0   41
zeller,tyler      mil  C 33  517   80  141   2   7  19   23  58  143   21   8  13  18  66   0   181   0   0   0   9   32
zipser,paul       chi SG 16  243   26   73  17  46   9   10   4   33   15   5  10   9  28   0    78   0   0   0   5  -73
zizic,ante        cle PF 21  175   45   56   0   0  16   22  19   47    4   2   9   9  26   0   106   0   0   0   1  -17
zubac,ivica       lal  C 32  373   56  111   0   1  39   51  42  113   24   8  22  15  42   0   151   0   0   0   0   48
