Player           Team PS GP  Min  FGM  FGA  3M  3A FTM  FTA  OR   TR   AS  ST  TO  BK  PF  DQ   PTS  TC  EJ  FF Sta +/-
abrines,alex      okl SG 74 1134  115  291  84 221  39   46  26  113   28  38  25   8 124   0   353   0   0   0   8   41
acy,quincy        bro SF 70 1361  130  365 102 292  49   60  40  257   57  34  60  28 149   0   411   4   0   0   8  -57
adams,steven      okl  C 76 2486  448  712   0   2 160  286 384  684   88  92 129  79 215   1  1056   9   0   0  76  321
adebayo,bam       mia PF 69 1369  174  340   0   7 129  179 119  382  101  32  67  42 138   0   477   2   0   0  19  -34
afflalo,arron     orl SG 52  680   65  162  27  70  22   26   4   66   30   4  21   9  56   0   179   2   0   0   3  -99
aldrich,cole      min  C 21   51    5   15   0   0   2    6   3   15    3   2   1   1  11   0    12   0   0   0   0   -2
aldridge,lamarcu  san PF 75 2512  687 1347  27  92 334  399 245  634  152  43 112  89 161   1  1735   3   0   0  75  285
allen,jarrett     bro  C 72 1437  234  397   5  15 114  147 143  386   49  28  82  88 148   1   587   1   0   0  31 -142
allen,kadeem      bos SG 11  106    6   22   0  11   7    9   4   11   12   3   9   2  14   0    19   0   0   0   1  -12
allen,tony        nor SG 22  279   44   89   4  12  11   21  18   45    9  11  19   3  49   0   103   1   0   0   0  -29
aminu,al-farouq   por SF 69 2070  230  582 125 339  59   80  97  524   84  80  79  39 136   0   644   0   0   0  67  221
anderson,justin   phi SG 38  519   87  202  34 103  28   38  25   92   25  15  16   8  54   0   236   0   0   0   0  -85
anderson,kyle     san SG 74 1977  231  438  19  57 104  146  84  395  202 116  94  60 114   0   585   0   0   0  67  137
anderson,ryan     hou PF 66 1727  207  480 131 339  72   93  94  331   60  24  43  21 126   0   617   1   0   0  50  259
anigbogu,ike      ind  C 11   30    4    9   0   0   5    6   5    9    0   1   2   3   1   0    13   0   0   0   0  -14
antetokounmpo,gi  mil SF 75 2760  742 1402  43 140 487  641 158  755  360 108 221 106 231   2  2014   3   0   0  75  148
anthony,carmelo   okl SF 78 2502  472 1169 169 474 148  193  67  452  103  47 100  49 197   0  1261  10   0   0  78  267
anunoby,og        tor SF 74 1479  163  346  73 197  39   62  44  184   55  52  45  14 130   0   438   0   0   0  62  291
arcidiacono,ryan  chi PG 24  305   17   41   9  31   5    6   1   25   35  13  13   0  18   0    48   0   0   0   0  -23
ariza,trevor      hou SF 67 2269  268  651 170 462  76   89  33  295  105  98  54  13 132   0   782   2   0   0  67  379
arthur,darrell    den PF 17  141   22   47   8  23   2    3   3   15    9   8  15   3  22   0    54   0   0   0   1  -28
artis,jamel       orl SG 15  279   31   79   8  29   7   12   4   38   18   2   8   3  11   0    77   0   0   0   1   -4
asik,omer         chi  C 18  180    9   22   0   0   4   13   9   47    3   2   9   4  20   0    22   0   0   0   0  -32
augustin,d.j.     orl PG 75 1759  244  539 114 272 164  189  30  161  287  53 122   0  94   0   766   4   0   0  36 -134
babbitt,luke      mia PF 49  717   91  215  60 156  17   22   7   96   31   9  19   7  53   0   259   1   0   0  14  -28
bacon,dwayne      cha SG 53  711   72  193  11  43  20   25   4  124   38  16  22   2  46   0   175   0   0   0   6   11
baker,ron         nyk SG 29  385   20   59  11  33  20   27   5   30   47  26  18   6  33   0    71   0   0   0   1   16
baldwin,wade      por PG  7   81   14   21   4   5   6   10   1    8    5   2   4   1  12   0    38   0   0   0   0    5
ball,lonzo        lal PG 52 1779  203  564  90 295  32   71  68  360  376  87 136  42 117   0   528   1   0   0  50  -16
barea,j.j.        dal PG 69 1606  303  690 115 313  80  102  16  202  434  35 143   3  83   0   801   4   0   0  11   21
barnes,harrison   dal SF 77 2637  537 1207 119 333 259  313  77  468  152  50 118  14  94   0  1452   0   0   0  77 -327
barton,will       den SG 81 2680  465 1029 156 423 182  226  70  409  331  81 148  51 168   0  1268   2   0   0  40  123
batum,nicolas     cha SG 64 1983  270  650  92 274 108  130  57  306  349  65 131  23  72   0   740   0   0   0  64   20
bayless,jerryd    phi PG 39  924  109  262  54 146  35   44  15   80   54  23  46   6  91   0   307   1   0   0  11  -69
baynes,aron       bos  C 81 1487  210  446   3  21  59   78 129  433   93  22  80  51 200   0   482   0   0   0  67  204
bazemore,kent     atl SF 65 1787  284  676 108 274 160  201  25  248  228 100 157  45 147   1   836   7   0   0  65 -164
beal,bradley      was SG 82 2977  683 1484 199 530 292  369  61  362  373  97 214  35 160   1  1857   3   0   0  82  177
beasley,malik     den SG 59  587   73  178  28  82  22   33  14   71   31  15  24   7  36   0   196   0   0   0   0  -27
beasley,michael   nyk SF 73 1654  409  805  34  86 124  159  96  413  123  36 143  43 145   2   976   1   0   0  29 -140
belinelli,marco   phi SG 80 1945  337  763 149 395 148  163  19  151  148  64  94  11  91   0   971   2   0   0   3  -26
bell,jordan       gsw PF 56  808  116  185   0   4  30   44  59  203  102  36  51  57  92   1   262   0   0   0  12  164
bembry,deandre'   atl SF 26  453   53  128  11  30  19   33   8   72   49  21  47  12  38   0   136   0   0   0   3  -75
bender,dragan     pho PF 82 2068  187  484 118 322  39   51  40  362  130  22 113  53 166   2   531   0   0   0  37 -475
bertans,davis     san SF 76 1085  161  365  94 251  40   49  18  153   74  27  36  29  93   0   456   0   0   0  10   90
beverley,patrick  lac PG 11  333   48  119  24  60  14   17  16   45   32  19  25   5  34   0   134   1   0   0  11   28
birch,khem        orl  C 41  578   68  126   0   0  42   61  70  180   34  15  21  21  56   0   178   0   0   0   0    9
bird,jabari       bos SG 11  115   15   26   3   7   6   12   6   19    8   3   8   1   7   0    39   0   0   0   1   19
biyombo,bismack   orl  C 82 1491  183  351   0   1 102  157 144  468   66  21  84  95 158   1   468   1   0   0  25 -433
bjelica,nemanja   min PF 67 1372  171  370  76 183  36   45  52  272   86  51  52  16 141   1   454   2   0   0  21    7
black,tarik       hou  C 51  534   75  127   1  11  29   63  64  164   13  21  35  30 107   0   180   0   0   0   2  -74
blakeney,antonio  chi SG 19  313   53  143  15  52  30   39   4   33   20   7  11   1  19   0   151   1   0   0   0   -3
bledsoe,eric      mil PG 74 2321  468  991 125 360 252  317  52  285  370 148 215  42 185   2  1313   4   0   0  74  124
blue,vander       lal SG  5   45    1    5   0   2   1    2   0    1    3   1   3   0   2   0     3   0   0   0   0   15
bogdanovic,bogda  sac SG 78 2173  344  772 129 329 100  119  31  221  258  72 125  16 172   0   917   0   0   0  52 -362
bogdanovic,bojan  ind SF 80 2463  404  852 155 386 178  205  30  268  119  54 105   9 129   0  1141   1   0   0  80   87
bogut,andrew      lal  C 23  217   17   25   0   0   2    2  26   78   15   4  19  13  40   1    36   0   0   0   5  -25
bolomboy,joel     mil PF  6   37    3    6   0   1   3    6   6   10    0   2   2   0   3   0     9   0   0   0   0  -13
booker,devin      pho SG 54 1864  455 1054 147 384 289  329  26  243  253  47 194  14 168   3  1346  10   0   0  54 -359
booker,trevor     ind PF 68 1164  177  343   8  34  66   93 117  318   82  27  59  21 119   1   428   2   0   0   7  -23
boucher,chris     gsw PF  1    1    0    1   0   1   0    0   0    1    0   0   0   0   0   0     0   0   0   0   0   -2
bradley,avery     lac SG 46 1431  259  625  75 203  63   82  22  116   94  51 101   8  92   0   656   1   0   0  46 -123
bradley,tony      uta  C  9   29    3   11   0   1   2    2   4   11    1   0   0   0   1   0     8   0   0   0   0    1
brewer,corey      okc SG 72 1206  142  316  31 110  65   90  43  153   65  79  49  14 139   2   380   0   0   0  18  -53
brogdon,malcolm   mil PG 48 1437  244  503  62 161  75   85  23  156  152  41  66  13 128   1   625   0   0   0  20  -62
brooks,aaron      min PG 30  188   28   69  11  31   8   11   7   17   20   6  11   0  28   0    75   0   0   0   1  -75
brooks,dillon     mem SF 82 2352  340  772  94 264 124  166  49  257  135  73 124  18 233   3   898   4   0   0  74 -243
brooks,marshon    mem SG  7  193   51  102  19  32  20   23   9   22   25  11  16   3   6   0   141   0   0   0   1   10
brown,anthony     min SF  1    4    1    1   1   1   0    0   0    0    1   0   0   0   0   0     3   0   0   0   0    3
brown,bobby       hou PG 20  113   19   58  11  40   1    2   0    7   11   4   9   0   6   0    50   0   0   0   0  -62
brown,jaylen      bos PF 70 2154  373  802 121 306 150  233  68  348  114  69 124  26 181   4  1017   2   0   0  70  342
brown,lorenzo     tor PG 13  139   14   34   2  12   2    2   1   14   13   6   3   0   7   0    32   0   0   0   0   48
brown,markel      hou SG  4   31    2    7   1   5   0    0   1    5    2   0   2   0   6   0     5   0   0   0   0  -17
brown,sterling    mil SG 54  777   82  205  32  91  21   24  27  143   25  31  25  13  80   0   217   4   0   0   4  -50
brussino,nicolas  atl SF  3   10    0    2   0   2   0    0   0    3    0   0   0   0   0   0     0   0   0   0   0   17
bryant,thomas     lal  C 15   71    8   21   1  10   5    9   3   17    6   1   2   2   6   0    22   2   0   0   0   -9
bullock,reggie    det SF 62 1730  267  546 125 281  39   49  27  154   95  47  48  13  70   0   698   0   0   0  52   23
burke,trey        nyk PG 36  784  193  384  38 105  37   57  13   71  170  24  43   4  43   0   461   0   0   0   9  -80
burks,alec        uta SG 64 1057  170  414  47 142 107  124  19  192   67  38  60   8  75   0   494   0   0   0   1  -13
butler,jimmy      min SF 59 2160  437  921  70 200 363  425  80  315  288 117 108  24  78   0  1307   4   0   0  59  374
buycks,dwight     det PG 29  425   82  198  15  45  36   41  12   41   59  19  39   2  39   0   215   0   0   0   0    5
caboclo,bruno     sac SF 12  107    9   31   3  17   5    6   7   22    4   3   4   4   8   0    26   0   0   0   0   11
calderon,jose     cle PG 57  915   93  185  45  97  24   30  14   84  117  27  41   2  81   0   255   0   0   0  32   66
caldwell-pope,ke  lal SG 74 2455  340  797 159 414 153  194  60  386  163 106  97  16 145   0   992   6   0   0  74  -50
canaan,isaiah     pho PG 20  423   52  137  22  66  46   51   6   45   76  16  29   1  36   0   172   0   0   0   1   21
capela,clint      hou  C 74 2034  441  676   0   1 144  257 242  802   68  57 104 138 185   1  1026   1   0   0  74  380
carroll,demarre   bro SF 73 2181  325  785 145 391 188  246 104  478  146  59 103  31 163   2   983   4   0   0  73  -64
carter,vince      sac SG 58 1027  114  284  57 165  28   37  18  148   69  42  36  26  96   0   313   2   0   0   4  -65
carter-williams,  cha PG 52  834   76  229  14  59  73   89  37  138  116  45  54  23  99   0   239   0   0   0   2  -60
caruso,alex       lal SG 36  562   50  116  13  43  21   30  15   65   75  24  41   9  52   0   134   0   0   0   7    1
casspi,omri       gsw SF 53  740  120  207  10  22  50   69  30  200   51  18  37  19  71   0   300   1   0   0   7   58
cauley-stein,wil  sac  C 73 2042  388  771   3  13 153  247 131  510  171  78 110  65 185   2   932   1   0   0  57 -320
cavanaugh,tyler   atl PF 37  521   67  152  32  89  17   21  45  126   27   9  14   4  60   0   183   0   0   0   1  -28
chalmers,mario    mem PG 66 1424  168  443  53 191 118  138  13  157  197  79 117  14 179   2   507   5   0   0  10  -60
chandler,tyson    pho  C 46 1153  121  187   0   0  58   93 134  418   53  16  59  27 106   1   300   2   0   0  46 -247
chandler,wilson   den SF 74 2341  281  632  88 246  88  114 102  399  160  43  92  39 156   2   738   0   0   0  71   63
chriss,marquese   pho PF 72 1521  202  477  56 190  96  158  76  396   83  52 107  70 205   6   556   9   0   0  49 -297
clark,ian         nor SG 74 1450  222  495  62 195  45   59  11  128  109  32  57  10 120   0   551   0   0   0   2   26
clarkson,jordan   cle PG 81 1885  430  954 112 318 152  190  57  216  221  58 127   6 107   0  1124   3   0   0   2  -37
clavell,gian      dal SG  7   64    6   18   6  15   2    2   1    7    3   2   2   0   8   0    20   0   0   0   0   19
cleveland,anton   atl SG  4   41    4    7   3   3   2    2   1    4    0   1   5   1  12   1    13   0   0   0   0  -16
cleveland,antoni  dal SG 11   81    4   14   0   1   2    4   2   10    2   6   2   4  11   0    10   0   0   0   0  -29
collins,john      atl PF 74 1784  314  546  16  47 133  186 176  541   98  47 105  80 215   4   777   0   0   0  26 -215
collins,zach      por  C 66 1045  115  290  35 113  27   42  45  221   52  17  59  31 133   2   292   0   0   0   1   16
collinsworth,kyl  dal PF 31  478   38   99   4  17  21   40  32  107   56  17  24   9  43   0   101   0   0   0   2  -27
collison,darren   ind PG 69 2019  316  638  96 205 127  143  37  177  368  93  86  15 122   0   855   1   0   0  64  128
collison,nick     okl PF 15   75   13   19   0   0   5   13   7   20    4   0   7   0   7   0    31   0   0   0   0   -5
conley,mike       mem PG 12  374   64  168  24  77  53   66   0   27   49  12  18   3  24   0   205   0   0   0  12  -16
connaughton,pat   por SG 82 1490  165  390  74 210  37   44  37  162   91  23  44  22 120   0   441   0   0   0   5  140
cook,quinn        gsw PG 33  740  122  252  46 104  22   25  10   82   89  12  32   1  59   1   312   0   0   0  18  -39
cooke,charles     nor SG 12   37    2   14   1   8   1    2   0    2    1   1   1   0   0   0     6   0   0   0   0   -9
cooley,jack       sac PF  7   87   13   27   0   0  14   19  14   30    6   1   3   0  13   0    40   0   0   0   0   -4
costello,matt     san SF  4   33    2    4   0   0   0    0   1    9    2   2   1   2   7   0     4   0   0   0   0   15
cousins,demarcus  nor  C 48 1739  406  863 104 293 294  394 105  620  257  80 241  76 183   0  1210  11   0   0  48   77
covington,robert  phi SF 80 2527  345  835 203 549 116  136  55  432  156 137 129  72 238   1  1009   1   0   0  80  534
crabbe,allen      bro SG 75 2197  336  824 201 532 115  135  27  323  117  47  77  36 168   1   988   3   0   0  68  -85
craig,torrey      den SG 39  627   62  137  17  58  22   35  40  127   25  12  20  15  63   0   163   0   0   0   5  -63
crawford,jamal    min SG 80 1654  308  743 104 314 102  113  21   99  185  41  95   8  85   0   822   2   0   0   0 -151
crawford,jordan   nor SG  5   56   12   27   8  14   1    1   1    2   12   2   4   0   7   0    33   0   0   0   0  -16
crowder,jae       uta SF 80 2093  271  671 110 341 121  148  59  275   99  64  74  21 187   0   773   1   0   0  47   16
cunningham,dante  bro PF 73 1551  164  364  58 168  31   52  78  296   48  39  34  29 111   1   417   1   0   0  25  -74
curry,stephen     gsw PG 51 1637  428  863 212 500 278  302  36  260  308  81 153   8 114   1  1346   2   0   0  51  485
daniels,troy      pho SG 79 1618  232  575 183 458  56   64  12  127   48  26  56   5 137   0   703   1   0   0  15 -395
davis,anthony     nor PF 75 2740  780 1462  55 161 495  598 187  834  173 115 162 191 159   2  2110   5   0   0  75  285
davis,deyonta     mem  C 62  941  161  265   0   0  38   57  75  250   40  15  31  39 125   0   360   0   0   0   6 -160
davis,ed          por PF 78 1468  170  292   0   1  74  111 182  574   40  31  66  53 188   1   414   2   0   0   0   87
dedmon,dewayne    atl  C 62 1544  250  477  50 141  67   86 100  489   90  40  86  51 162   2   617   1   0   0  46 -160
dekker,sam        lac SF 73  881  128  259  10  60  37   56  45  175   38  24  35   9  71   0   303   1   0   0   1   61
delaney,malcolm   atl PG 54 1014  109  285  46 124  74   92   9  100  163  35  66   6  82   0   338   0   0   0   3 -108
dellavedova,matt  mil PG 38  708   55  152  29  78  25   27  15   65  145  13  49   1  67   0   164   0   0   0   3  -79
deng,luol         lal SF  1   13    1    2   0   0   0    0   0    0    1   1   1   0   0   0     2   0   0   0   1   -7
derozan,demar     tor SG 80 2707  645 1413  89 287 461  559  59  315  417  86 176  22 151   0  1840   4   0   0  80  440
diallo,cheick     nor  C 51  581  102  176   0   0  50   66  46  210   19  11  27  21  82   0   254   0   0   0   0 -103
dieng,gorgui      min  C 79 1332  186  388  19  61  79  102 106  359   71  45  59  39 147   0   470   1   0   0   0 -203
dinwiddie,spence  bro PG 80 2305  324  838 141 433 218  268  40  260  523  68 129  24 187   1  1007   1   0   0  58  -93
dorsey,tyler      atl SG 56  978  144  384  72 200  45   63  17  130   79  17  36   5  63   1   405   0   0   0   5 -147
dotson,damyean    nyk SG 44  472   72  161  22  68  16   23   9   84   31  12  17   2  34   0   182   0   0   0   3  -39
doyle,milton      bro SG 10  124   13   47   4  23   4    8   3   18   10   6   2   2  13   0    34   0   0   0   0  -12
dozier,pj         okl PG  2    3    1    2   0   0   0    0   0    1    0   0   1   0   1   0     2   0   0   0   0   -3
dragic,goran      mia PG 75 2376  484 1075 111 300 217  271  54  307  359  63 166  12 180   2  1296   3   0   0  75   18
drew,larry_ii     nor PG  9   69    7   24   3   9   0    0   3    3   10   0   3   0   6   0    17   0   0   0   0  -11
drummond,andre    det  C 78 2629  466  881   0  11 239  395 401 1249  237 115 203 129 250   3  1171   8   0   0  78  -55
dudley,jared      pho SF 48  687   48  122  29  80  27   35   8   93   78  25  28  10  85   0   152   1   0   0   0    1
dunn,kris         chi PG 52 1525  286  666  43 134  84  114  23  220  310 104 151  27 174   1   699   1   0   0  43 -274
durant,kevin      gsw SF 68 2327  630 1221 173 413 359  404  32  465  366  50 208 119 133   0  1792  12   0   0  68  344
eddie,jarell      chi SG  3    9    0    2   0   2   0    0   0    1    0   1   0   0   0   0     0   0   0   0   0    1
ellenson,henry    det PF 36  325   53  146  20  60  25   29  10   81   20   5  18   0  21   0   151   1   0   0   0   -3
ellington,wayne   mia SG 77 2037  285  700 227 579  67   78  23  218   79  53  52   8  94   0   864   1   0   0   2  129
embiid,joel       phi  C 63 1913  510 1053  66 214 359  467 142  688  199  40 233 112 209   1  1445   5   0   0  63  484
ennis,james       det PG 72 1601  182  384  51 153  97  116  73  224   71  47  57  18 134   1   512   0   0   0  22 -181
ennis,tyler       lal PG 54  679   94  224  14  56  22   29  19   95  105  30  38  10  75   1   224   0   0   0  11  -22
evans,jawun       lac PG 48  778   89  252  15  54  38   49   9   84  100  37  45   6  97   0   231   0   0   0   4    9
evans,jeremy      atl SF  1    5    1    1   0   0   0    0   1    1    0   0   1   0   1   0     2   0   0   0   0   -4
evans,tyreke      mem SG 52 1609  366  809 114 286 164  209  44  265  269  57 117  17  96   0  1010   4   0   0  32   27
exum,dante        uta PG 14  234   42   87   5  18  25   31   4   26   43   8  20   3  20   0   114   0   0   0   0   32
faried,kenneth    den PF 32  461   76  148   0   1  36   51  68  154   18  12  23  13  51   0   188   0   0   0   7  -46
favors,derrick    uta PF 77 2151  395  702  14  63 140  215 197  551  102  54  88  82 164   0   944   0   0   0  77  141
felder,kay        det PG 15  140   21   70   4  19  11   12   3   18   20   3  16   1  11   0    57   0   0   0   0  -47
felicio,cristian  chi PF 55  979  127  215   0   2  54   81  83  233   55  16  54  12 104   0   308   0   0   0  16 -334
felton,raymond    okl PG 82 1362  224  552  81 230  36   44  24  155  203  50  75  14  91   0   565   0   0   0   2  -45
ferguson,terranc  okl SF 60  763   70  169  40 120   9   10  19   46   19  25  11  10  83   1   189   1   0   0  12  -83
ferrell,yogi      dal PG 82 2279  311  731 134 359  82  103  26  250  201  65  78   9 153   0   838   1   0   0  21    6
finney-smith,dor  dal PF 21  449   46  121  20  67  11   15  22   75   26  10  21   4  43   0   123   0   0   0  13  -24
forbes,bryn       san SG 79 1519  209  497  89 228  48   72  12  110   80  27  37   2 108   0   555   0   0   0  12  120
fournier,evan     orl SG 57 1835  368  802 127 335 150  173  23  179  165  47  95  16 138   0  1013   3   0   0  57 -115
fox,de'aaron      sac PG 73 2022  327  797  47 153 141  195  33  205  320  70 172  19 163   1   842   0   0   0  61 -414
frazier,tim       was PG 59  838   68  172  17  56  23   30  18  116  194  47  57   8  97   0   176   1   0   0  11  -82
frye,channing     lal  C 53  694  104  212  39 115  17   19  12  135   38  18  21  14  69   0   264   0   0   0   1  114
fultz,markelle    phi PG 14  252   45  111   0   1  10   21  12   44   53  11  15   4  22   0   100   0   0   0   0   20
gallinari,danilo  lac SF 21  670  102  256  36 111  81   87   9  101   42  12  26  10  30   0   321   0   0   0  21   11
galloway,langsto  det SG 58  865  126  340  75 218  33   41  13   92   58  35  18   5  39   0   360   0   0   0   2   75
gasol,marc        mem  C 73 2409  434 1033 109 320 281  337  78  592  305  54 195 102 185   1  1258   9   0   0  73 -313
gasol,pau         san  C 77 1813  287  626  43 120 158  209 128  618  239  24 108  79 121   0   775   0   0   0  63   57
gay,rudy          san SF 57 1236  253  537  37 118 112  145  76  291   73  46  78  38  98   0   655   1   0   0   6   83
george,paul       okl SF 79 2892  576 1340 244 609 338  411  73  448  263 161 212  39 232   1  1734   6   0   0  79  226
georges-hunt,mar  min SG 40  226   21   49   4  15  13   21   7   16    7   6   3   0  32   1    59   0   0   0   0  -30
gibson,jonathan   bos PG  4   40   14   23   6  12   0    0   0    3    4   0   3   0   5   0    34   0   0   0   0   -1
gibson,taj        min PF 82 2721  425  737   7  35 142  185 192  582   99  62  89  58 218   6   999   3   0   0  82  239
ginobili,manu     san SG 65 1295  201  463  64 192 110  131  19  142  163  43 105  16 126   0   576   0   0   0   0   76
gobert,rudy       uta  C 56 1814  276  443   0   0 204  299 165  601   80  44 107 129 153   0   756   7   0   0  56  341
gordon,aaron      orl PF 58 1914  375  865 115 342 157  225  88  458  136  58 107  45 111   1  1022   2   0   0  57  -92
gordon,eric       hou SG 69 2153  415  968 218 608 195  241  25  170  154  45 132  26 116   0  1243   1   0   0  30  576
gortat,marcin     was  C 82 2078  290  560   0   0 110  163 181  622  151  40  99  61 175   1   690   3   0   0  82  104
graham,treveon    cha SG 63 1047   96  221  40  97  41   59  42  121   59  33  27   2 109   1   273   0   0   0   2  -96
grant,jerami      okl SF 81 1645  244  456  32 110 162  240  85  318   57  31  55  78 155   0   682   1   0   0   1   19
grant,jerian      chi PG 74 1685  209  504  61 188 140  188  32  175  342  62  89   8 132   0   619   0   0   0  26 -252
gray,josh         pho PG  5   87   11   41   3  13   7   11   2   10   12   8   7   2   8   0    32   0   0   0   0  -69
green,danny       san SG 70 1791  217  561 116 320  50   65  41  249  110  63  74  80 122   1   600   1   0   0  60   92
green,draymond    gsw PF 70 2285  281  619  77 256 134  173  75  536  508  95 199  91 185   0   773  16   0   0  70  314
green,gerald      hou SF 41  929  168  413 110 298  51   60  14  132   25  24  31  15  87   0   497   4   0   0   2   93
green,jamychal    mem PF 55 1538  223  488  43 127  80  111 147  465   79  32  78  25 153   1   569   2   0   0  54 -250
green,jeff        cle SF 78 1829  295  619  53 170 203  234  60  246   99  41  73  34 149   0   846   0   0   0  14  108
griffin,blake     det PF 58 1969  436  996 111 322 259  330  74  429  334  41 167  17 139   2  1242  12   0   0  58   61
hamilton,daniel   okl SG  6   28    5   11   2   5   0    0   0    5    8   1   2   0   2   0    12   0   0   0   0  -12
hardaway,tim      nyk SF 57 1885  360  856 130 410 146  179  32  224  155  63  92  10 123   0   996   1   0   0  54  -73
harden,james      hou SG 72 2547  651 1448 265 722 624  727  40  387  629 126 315  50 169   1  2191   6   0   0  72  523
harkless,maurice  por SF 59 1268  147  297  49 118  42   59  46  162   53  48  40  43 103   0   385   1   0   0  37    6
harrell,montrezl  lac PF 76 1296  348  547   1   7 139  222 103  307   74  36  67  52 143   1   836   6   0   0   3   53
harris,devin      den PG 71 1338  187  454  79 227 142  170  12  127  152  47  76  12 158   1   595   3   0   0   1  103
harris,gary       den SG 67 2303  440  908 156 394 134  162  37  176  194 123 118  15 119   0  1170   2   0   0  65  178
harris,joe        bro SG 78 1971  306  623 150 358  86  104  52  261  128  35  91  20 153   1   848   0   0   0  14 -123
harris,tobias     lac PF 80 2669  562 1221 183 445 179  216  57  436  192  71 104  35 164   1  1486   3   0   0  80 -113
harrison,andrew   dal PG 65 1560  200  498  56 185 137  176  27  155  188  48  84  28 165   3   593   4   0   0  49 -274
harrison,shaquil  pho PG 23  387   59  124   6  26  28   38   9   61   55  26  22   7  42   0   152   0   0   0   2   47
hart,josh         lal SG 63 1460  176  375  78 197  66   94  42  263   80  47  47  16 107   1   496   1   0   0  23  -80
haslem,udonis     mia PF 14   71    3   15   1   8   1    2   3   10    5   0   2   2   3   0     8   0   0   0   0   -4
hayes,nigel       sac SF  9  123   11   33   4  16   1    3   4   22    6   2   2   3   8   0    27   0   0   0   0    9
hayward,gordon    bos SF  1    5    1    2   0   1   0    0   0    1    0   0   0   0   1   0     2   0   0   0   1    1
hearn,reggie      det SG  3    7    1    2   1   2   0    0   0    0    0   0   0   0   0   0     3   0   0   0   0   -5
henry,myke        mem SF 20  379   41  109  19  58   6   10  10   38   22  31  19   6  28   0   107   0   0   0   0  -30
henson,john       mil  C 76 1966  287  501   1   7  90  158 148  513  114  45  85 109 202   1   665   7   0   0  69  166
hernangomez,juan  den PF 25  278   29   75  14  50  10   12  18   54   12   6   9   3  25   0    82   0   0   0   3  -26
hernangomez,will  cha  C 48  494   91  165   5  12  59   90  61  183   33  18  34  16  64   0   246   1   0   0   1    0
hezonja,mario     orl SF 75 1653  273  616  90 267  86  105  41  281  107  82  88  30 134   0   722   0   0   0  30 -207
hicks,isaiah      nyk PF 18  238   33   72   2   9  12   18  10   41   16   2  16   4  45   1    80   0   0   0   0  -43
hield,buddy       sac SG 80 2029  416  933 176 408  71   81  55  306  155  86 124  22 148   0  1079   0   0   0  13 -162
hilario,nene      hou  C 52  758  136  239   0   2  68  107  55  177   45  29  39  14 123   0   340   0   0   0   4  264
hill,george       cle PG 67 1810  236  512  85 204 110  140  42  181  186  62  89  26 128   0   667   1   0   0  60 -124
hill,solomon      nor SF 12  187   11   41   4  21   3    6   9   36   22   7   9   1  22   0    29   0   0   0   1  -26
hilliard,darrun   san SG 14   95    5   19   0   6   6    7   0    7   11   2   4   0   7   0    16   0   0   0   0   12
holiday,jrue      nor PG 81 2924  615 1244 120 356 187  238  62  365  486 122 216  64 201   1  1537   0   0   0  81  308
holiday,justin    chi SG 72 2267  290  782 161 449 135  164  31  291  153  80  92  31 134   1   876   2   0   0  72 -178
holland,john      cle SG 22  176   17   59  11  36   9   13   6   24    5   7   8   2  10   0    54   0   0   0   0  -29
hollis-jefferson  bro SF 68 1925  343  725  14  55 249  316 101  459  167  65 122  48 145   2   949   2   0   0  59 -178
holmes,richaun    phi PF 48  746  135  242   4  31  37   56  58  212   61  20  25  28  97   3   311   1   0   0   2  -38
hood,rodney       cle SG 60 1613  322  751 127 333 111  129  22  165   95  45  71  12 105   0   882   2   0   0  23  -70
hopson,scotty     dal SG  1    8    0    1   0   0   1    2   0    0    1   0   1   0   0   0     1   0   0   0   0   -8
horford,al        bos  C 72 2274  368  753  97 226  94  120 103  530  339  43 131  79 138   1   927   1   0   0  72  338
house,danuel      pho PF 23  402   56  129  15  58  25   31  13   76   25   7  11   6  23   0   152   0   0   0   3   19
howard,dwight     cha  C 81 2461  506  911   1   7 334  582 254 1012  105  47 208 131 249   2  1347   0   0   0  81   89
huestis,josh      okl SF 69  978   60  182  33 115   6   20  43  162   20  15  26  43  82   1   159   0   0   0  10  110
hunter,r.j.       hou SG  5   45    7   20   3  14   2    2   0    5    3   3   2   0   7   0    19   0   0   0   1    1
hunter,vince      mem SF  3    7    3    5   0   0   0    0   2    3    0   0   1   1   0   0     6   0   0   0   0    6
ibaka,serge       tor PF 76 2095  379  784 107 297  94  118  78  478   62  29  90  99 209   1   959   4   0   0  76  310
iguodala,andre    gsw SF 64 1626  148  319  33 117  55   87  49  245  210  54  67  38  99   0   384   1   0   0   7  274
ilyasova,ersan    phi PF 69 1729  277  613  91 253 105  135 118  405   90  61  72  27 157   1   750   0   0   0  43   20
ingles,joe        uta SF 82 2577  335  718 204 464  66   83  24  344  392  91 158  20 178   0   940   2   0   0  81  266
ingram,andre      lal SG  2   64    8   17   5   9   3    3   1    6    7   3   3   3   3   0    24   0   0   0   0   20
ingram,brandon    lal SF 59 1977  358  761  41 105 192  282  57  315  230  45 150  43 163   1   949   1   0   0  59 -127
irving,kyrie      bos PG 60 1931  534 1087 166 407 232  261  33  227  306  65 140  17 122   0  1466   4   0   0  60  262
isaac,jonathan    orl SF 27  537   55  144  16  46  19   25  16   99   18  33  27  29  48   0   145   0   0   0  10 -100
iwundu,wesley     orl SG 62 1014   93  218   9  46  34   47  36  137   57  33  30  12  81   1   229   0   0   0  12 -105
jack,jarrett      nyk PG 62 1549  189  443  25  86  63   75  22  191  348  35 116   4  98   1   466   1   0   0  56  -15
jackson,aaron     hou SG  1   34    3    9   1   4   1    2   2    3    1   0   1   0   4   0     8   0   0   0   0  -10
jackson,demetriu  phi PG 15   82    7   18   1   7   1    2   5   12    9   5  11   1   7   0    16   0   0   0   0  -38
jackson,josh      pho SF 77 1959  389  932  57 217 177  279  95  351  120  80 146  35 218   3  1012   9   0   0  35 -530
jackson,justin    sac SG 68 1507  185  418  57 185  26   36  27  187   74  28  40  13  81   0   453   0   0   0  41 -238
jackson,reggie    det PG 45 1201  246  577  52 169 112  134  29  125  238  26  99   4  87   0   656   2   0   0  45   16
james,lebron      cle SF 82 3024  857 1580 149 406 388  531  97  711  747 117 348  71 135   0  2251   6   0   0  82  102
james,mike        nor PG 36  686  123  320  26  98  64   84  13   90  126  28  50   7  48   0   336   0   0   0  10  -40
jefferson,al      ind  C 36  480  111  208   0   3  30   36  30  143   30  16  21  23  66   1   252   0   0   0   1  -12
jefferson,richar  den SF 20  164   12   27   2   7   4    7   2   17   15   2   5   1  11   0    30   0   0   0   0  -44
jennings,brandon  mil PG 14  207   27   72   9  33  10   10   5   31   44   6  18   4  11   0    73   1   0   0   0  -63
jerebko,jonas     uta PF 74 1129  159  341  65 157  46   57  53  246   42  24  27  13 127   0   429   3   0   0  19   59
johnson,amir      phi PF 74 1172  140  261  10  32  52   85 123  329  118  45  56  44 192   1   342   0   0   0  18    5
johnson,brice     mem PF 17   98   20   42   0   1   3    5   9   31    2   9   5   6  13   0    43   0   0   0   0   -9
johnson,dakari    okl  C 29  160   22   39   0   0  11   20  16   33    8   6   4   8  27   0    55   0   0   0   6   33
johnson,james     mia PF 73 1944  309  614  57 185 113  162  61  358  280  70 143  52 192   2   788   1   0   0  41   -1
johnson,joe       hou SF 55 1202  146  360  40 145  40   45  14  172   83  18  49   7  67   0   372   0   0   0   4  -82
johnson,orlando   mem SG  4   75    9   21   4  12   0    0   4   11    7   2   3   0   6   0    22   0   0   0   0   10
johnson,stanley   det SF 69 1891  210  560  67 234 112  145  33  252  112  95  77  14 169   0   599   3   0   0  50  -45
johnson,tyler     mia SG 72 2051  309  711 119 324 106  129  34  248  165  60  81  34 148   1   843   1   0   0  39   45
johnson,wesley    lac SF 74 1490  150  368  60 177  43   58  28  215   61  77  55  62 146   0   403   0   0   0  40  -64
jokic,nikola      den  C 75 2440  504 1008 111 280 266  313 193  801  459  90 211  61 212   2  1385   5   0   0  73  360
jones,damian      gsw  C 15   89   11   22   0   0   3    5   5   14    2   1   4   3  14   0    25   0   0   0   0    0
jones,derrick     mia SF 20  247   21   53   3  18  16   24  21   38    8   4   7  13  24   0    61   0   0   0   8  -36
jones,jalen       dal SF 14  180   26   67  10  26  12   19  13   38    4   5   8   1  20   0    74   0   0   0   0  -31
jones,tyus        min PG 82 1464  150  328  45 129  71   81  16  132  232  95  59   5 110   0   416   1   0   0  11  173
jordan,deandre    lac  C 77 2421  373  575   0   0 181  312 329 1171  117  39 139  69 203   1   927   7   0   0  77 -126
joseph,cory       ind PG 82 2209  256  604  67 190  70   95  39  266  260  80  88  19 141   0   649   0   0   0  17  -49
kaminsky,frank    cha PF 79 1838  307  716 104 274 155  194  46  288  129  36  65  22  95   0   873   0   0   0   4  -58
kanter,enes       nyk  C 71 1829  422  712   0   2 156  184 273  780  105  36 122  37 187   0  1000   2   0   0  71 -186
kennard,luke      det SG 73 1466  206  465  81 195  65   76  20  175  124  44  69  13  86   1   558   1   0   0   9  120
kidd-gilchrist,m  cha SF 74 1850  282  560   0   2 117  171  84  301   71  51  53  31 143   0   681   0   0   0  74   52
kilpatrick,sean   chi SG 51  637  110  293  46 143  64   72   5   87   46  13  37   5  33   0   330   0   0   0   1 -111
kleber,maximilia  dal SF 71 1208  151  309  40 128  44   59  71  234   51  26  30  47 114   0   386   0   0   0  35 -131
korkmaz,furkan    phi SG 14   79    8   28   5  17   2    4   2   11    4   2   2   1  12   0    23   0   0   0   0  -44
kornet,luke       nyk PF 20  325   49  125  28  79   8   11  11   64   26   5  12  16  28   0   134   0   0   0   1  -71
korver,kyle       cle SG 73 1573  222  484 164 376  64   72   9  164   88  31  55  27 130   0   672   0   0   0   4  271
koufos,kosta      sac  C 71 1393  222  389   0   0  33   74 149  472   85  49  49  32 146   0   477   2   0   0  12 -226
kuzma,kyle        lal PF 77 2400  468 1039 159 435 147  208  89  484  141  49 140  34 160   0  1242   1   0   0  37 -126
kuzminskas,minda  nyk PF  1    2    0    2   0   0   0    0   0    0    0   0   0   0   0   0     0   0   0   0   0    0
labissiere,skal   sac PF 60 1235  205  457  18  51  95  118  98  287   72  24  72  49 132   0   523   1   0   0  29 -113
lamb,jeremy       cha SG 80 1962  380  831  94 253 179  208  49  324  187  61  93  32 138   0  1033   0   0   0  18   77
larkin,shane      bos PG 54  776   84  219  31  86  32   37  15   92   98  30  33   3  58   0   231   1   0   0   2   10
lauvergne,joffre  san PF 55  534   98  190   0   5  30   47  63  171   41   9  33   3  45   1   226   0   0   0   1  -67
lavine,zach       chi SG 24  653  136  355  42 123  87  107   9   95   72  24  43   4  55   0   401   1   0   0  24 -172
layman,jake       por PF 34  161   14   47   4  20   2    3   4   16   11   6   5   4  13   0    34   0   0   0   1  -21
leaf,t.j.         ind PF 53  455   64  136  18  42  10   16  29   82    9   5  10   4  45   0   156   0   0   0   0  -75
lee,courtney      nyk SG 76 2310  343  755 113 278 114  124  30  224  180  80  84  17 109   0   913   3   0   0  69 -257
lee,damion        atl SG 15  403   62  152  15  60  22   29  11   71   29  19  14   1  25   0   161   0   0   0  11  -24
lemon,walt        nor PG  5   35    7   16   1   1   2    3   0    2    5   0   4   1   5   0    17   0   0   0   0  -15
len,alex          pho  C 69 1394  214  378   1   3 158  231 176  519   82  27  78  60 158   2   587   1   0   0  13 -255
leonard,kawhi     san SF  9  211   52  111  11  35  31   38   6   42   21  18  16   9   9   0   146   0   0   0   9   17
leonard,meyers    por PF 31  253   46   78  11  26   9   11  12   70   17   7  10   0  36   0   112   2   0   0   2  -37
leuer,jon         det PF  8  136   15   36   0   3  13   15   7   32    5   1   8   3  16   0    43   0   0   0   0   12
levert,caris      bro SG 71 1863  320  735  85 245 133  187  53  260  299  82 154  22 159   0   858   0   0   0  10 -257
liggins,deandre   nor SG 56  724   40  106  19  53   2    5   7   75   48  37  21  14  81   0   101   0   0   0   4 -211
lillard,damian    por PG 73 2670  621 1415 227 628 493  538  62  325  481  78 205  27 117   0  1962   1   0   0  73  349
lin,jeremy        bro PG  1   25    5   12   1   2   7    7   0    0    4   0   3   0   3   0    18   0   0   0   1   -6
livingston,shaun  gsw PG 71 1134  172  342   0   5  50   61  31  129  140  34  58  20 117   0   394   1   0   0   7  103
looney,kevon      gsw SF 66  910  112  192   1   5  42   77  84  216   42  34  31  55 106   0   267   0   0   0   5  129
lopez,brook       lal  C 74 1735  369  794 112 325 111  158  74  294  126  29  98  98 195   0   961   1   0   0  72  -78
lopez,robin       chi  C 64 1695  342  645   4  14  68   90 135  291  124  14 107  53 109   1   756  11   0   0  64 -200
love,kevin        cle PF 59 1653  334  730 137 330 234  266 101  545  103  43  90  24 120   1  1039   0   0   0  59   77
lowry,kyle        tor PG 78 2508  403  944 238 596 223  261  67  435  537  85 183  18 192   2  1267   8   0   0  78  399
luwawu-cabarrot,  phi SG 52  808  100  267  53 158  46   58  14   72   54  12  38   5  97   0   299   1   0   0   8   -4
lydon,tyler       den PF  1    2    0    0   0   0   0    0   0    0    0   0   0   0   0   0     0   0   0   0   0   -6
lyles,trey        den PF 73 1388  270  550  83 218 101  143  55  346   91  30  61  34 111   1   724   1   0   0   2    9
mack,shelvin      orl PG 69 1362  178  414  48 139  69   97  23  165  271  54  89   8  91   0   473   1   0   0   3  -81
magette,josh      atl PG 18  216   15   46   8  22   8    8   2   19   57   8   9   1  16   0    46   0   0   0   0    1
mahinmi,ian       was  C 77 1147  138  247   0   2  90  128 135  312   53  38 101  42 230   3   366   1   0   0   0   16
maker,thon        mil  C 74 1236  130  316  31 104  65   93  75  225   46  39  44  53 162   1   356   0   0   0  12 -162
marjanovic,boban  lac  C 37  335   79  148   0   0  77   97  48  144   22  10  36  11  51   0   235   1   0   0   1   55
markkanen,lauri   chi PF 68 2022  374  862 145 401 140  166  79  508   79  40  83  40 103   0  1033   0   0   0  68 -387
martin,jarell     mem PF 73 1661  221  496  34  98  89  116  97  319   73  39  86  50 211   2   565   0   0   0  36 -264
mason,frank       sac SF 52  987  145  382  31  86  94  115  30  130  147  34  65  10  72   0   415   0   0   0   2  -34
mathiang,mangok   cha PF  4   19    4    7   0   0   0    1   3   10    0   1   0   0   5   0     8   0   0   0   0    1
matthews,wesley   dal SG 63 2132  283  697 153 402  83  101  28  198  172  76  84  16 140   1   802   8   0   0  63 -324
mbah_a_moute,luc  hou SF 61 1563  166  345  63 173  65   95  22  186   55  72  69  26 100   0   460   0   0   0  15  317
mcadoo,james      phi PF  3   18    2    7   2   7   2    2   0    2    0   0   1   1   1   0     8   0   0   0   0    1
mccaw,patrick     gsw SF 55  962   92  226  19  80  26   34  17   83   81  43  41  11  67   0   229   0   0   0  10  -74
mccollum,cj       por SG 81 2922  667 1504 189 476 209  250  53  321  272  77 152  35 168   0  1732   1   0   0  81  116
mcconnell,t.j.    phi PG 76 1702  210  422  27  63  31   39  37  226  303  92 114  13 122   0   478   3   0   0   0  -68
mccree,erik       uta SF  4    8    0    2   0   1   0    0   0    1    0   1   1   0   0   0     0   0   0   0   0   -9
mccullough,chris  was PF 19   91   18   42   1   8   9   14   7   25    4   0   2   5   8   0    46   0   0   0   0  -15
mcdermott,doug    dal SF 81 1765  237  508  92 216  64   81  39  199   79  19  55  15 122   0   630   0   0   0   4  -37
mcgee,javale      gsw  C 65  611  136  219   0   6  38   52  59  169   33  21  27  57  91   1   310   1   0   0  17   39
mcgruder,rodney   mia SG 18  300   36   73  15  35   4    8  11   32   17   8   4   3  21   0    91   0   0   0   2   33
mckinney,trey     ind SG  1    1    0    0   0   0   0    0   0    0    0   0   0   0   0   0     0   0   0   0   0    0
mckinnie,alfonzo  tor SF 13   54    8   15   3   9   2    3   1    7    1   1   3   1   8   0    21   0   0   0   0  -13
mclemore,ben      mem SG 56 1089  157  373  55 159  53   64  34  139   51  38  61  15 139   1   422   2   0   0  17 -317
mcroberts,josh    dal PF  2    6    0    1   0   1   0    0   0    0    0   0   0   0   2   0     0   0   0   0   0    0
meeks,jodie       was SG 77 1117  157  393  72 210 101  117  15  126   70  29  37   4  55   0   487   0   0   0   0 -154
mejri,salah       dal  C 60  730   88  137   0   3  38   66  86  246   35  22  40  67 121   1   214   4   0   0   1   17
mickey,jordan     mia  C 23  283   39   82   2  16  13   19  18   81    9   6  18  10  36   0    93   0   0   0   3  -30
middleton,khris   mil SF 82 2980  593 1271 146 406 320  362  45  427  328 118 191  21 270   1  1652   4   0   0  82   99
miles,cj          tor SF 70 1333  227  598 164 454  81   97  18  152   55  37  40  21 134   0   699   0   0   0   3  267
miller,darius     nor SF 82 1945  216  486 147 357  58   67  18  164  111  28  59  17 160   1   637   0   0   0   3  -13
miller,malcolm    tor SF 14  127   13   28   8  21   4    4   4   16    3   1   5   2  10   0    38   0   0   0   4    7
mills,patty       san PG 82 2107  280  683 154 414 105  118  26  154  229  55 105  11 128   0   819   0   0   0  36  113
millsap,paul      den PF 38 1142  202  436  39 113 112  161  65  245  103  39  73  44  99   1   555   1   0   0  37   98
mirotic,nikola    nor PF 55 1495  306  682 135 358 112  137  59  405   80  44  64  39 108   0   859   2   0   0  14  147
mitchell,donovan  uta SG 79 2638  595 1362 187 550 239  297  52  296  291 118 217  27 213   0  1616   2   0   0  71  359
mitrou-long,naza  uta PF  1    1    1    1   1   1   0    0   0    0    0   0   0   0   0   0     3   0   0   0   0    5
monk,malik        cha SG 63  852  153  425  83 243  32   38   8   67   91  20  49   9  60   0   421   0   0   0   0 -190
monroe,greg       bos  C 51 1039  218  386   0   0  88  119 109  350  114  44  96  25  95   0   524   4   0   0  14 -220
montero,luis      det SG  2    7    0    1   0   0   0    0   0    2    0   0   2   0   0   0     0   0   0   0   0   -5
moore,ben         ind PF  2    9    0    0   0   0   0    0   0    1    1   0   0   0   4   0     0   0   0   0   0  -15
moore,e'twaun     nor SG 82 2578  423  832 128 301  48   68  57  238  187  79 102  11 182   0  1022   1   0   0  80  161
moreland,eric     det  C 67  807   66  122   0   0  11   29  81  277   78  32  41  51 116   0   143   3   0   0   3    6
morris,jaylen     atl SG  6  100   13   31   2   9   0    0   2   16    7   2   6   1   2   0    28   0   0   0   0  -42
morris,marcus     bos PF 54 1446  262  611  86 234 124  154  43  289   72  35  65  12 100   0   734   9   0   0  21   23
morris,markieff   was PF 73 1966  330  687  76 207 105  128  76  411  142  57 126  36 216   2   841  12   0   0  73   26
morris,monte      den PG  3   26    4    6   0   1   2    2   0    2    7   3   1   0   1   0    10   0   0   0   0   -7
motley,johnathan  dal PF 11  174   40   75   1   6  15   28  14   49    7   3   9   2  18   0    96   0   0   0   4  -17
mozgov,timofey    bro  C 31  357   52   93   4  18  23   30  32   98   11   5  33  13  39   1   131   0   0   0  13  -89
mudiay,emmanuel   nyk PG 64 1244  204  525  47 147  98  129  26  152  206  41 113   9  80   0   553   0   0   0  14 -266
muhammad,shabazz  mil SF 43  417   84  188   7  27  39   50  23   76   14   9   6   3  30   0   214   0   0   0   2 -118
munford,xavier    mil PG  6   22    1    6   0   2   1    2   1    1    4   1   2   0   4   0     3   0   0   0   0  -12
murray,dejounte   san SG 80 1741  271  609   9  34 105  148 110  459  231  97 134  31 151   0   656   0   0   0  48  148
murray,jamal      den SG 81 2564  479 1062 165 436 229  253  82  296  274  80 172  29 173   2  1352   4   0   0  80  228
muscala,mike      atl PF 53 1062  143  313  62 167  57   62  56  230   51  31  42  27  80   0   405   0   0   0   7  -79
nader,abdel       bos SF 47  522   50  149  23  65  23   39  13   71   26  15  34  10  45   0   146   0   0   0   1 -107
nance,larry       cle PF 66 1420  240  414   2  12  91  137 161  452   82  89  51  39 172   0   573   1   0   0  26   15
napier,shabazz    por PG 74 1533  223  531  82 218 116  138  26  170  150  81  90  14  84   0   644   1   0   0   9   86
nelson,jameer     det PG 50 1015   95  244  41 124  16   20  12  103  179  27  68   4  81   0   247   2   0   0   0 -105
neto,raul         uta PG 41  500   69  151  19  47  26   35   7   49   75  13  36   4  38   0   183   1   0   0   0  119
niang,georges     uta SF  9   33    4   11   0   4   1    2   3    9    3   2   3   0   1   0     9   0   0   0   0  -13
noah,joakim       nyk  C  7   41    5   10   0   0   2    4   6   14    4   2   4   2   5   0    12   0   0   0   0    0
noel,nerlens      dal PF 29  472   55  105   0   1  21   28  48  168   20  31  26  22  59   1   131   0   0   0   6 -119
nogueira,lucas    tor  C 49  416   49   80   5  19  19   28  18   87   22  23  16  43  49   0   122   0   0   0   3   88
nowitzki,dirk     dal PF 77 1899  346  758 138 337  97  108  22  438  120  43  51  43 146   0   927   7   0   0  77  -55
ntilikina,frank   nyk PF 78 1703  182  500  50 157  49   68  37  177  250  66 131  18 181   2   463   1   0   0   9 -101
nurkic,jusuf      por  C 79 2090  480  951   0   7 172  273 189  708  143  64 183 111 247   1  1132   6   0   0  79  159
nwaba,david       chi PG 70 1646  202  423  18  52 133  203  89  326  104  59  77  28 158   1   555   0   0   0  21 -241
o'bryant,johnny   cha  C 36  380   68  171  14  43  21   25  29   94   14   8  15   6  45   0   171   0   0   0   0  -86
o'neale,royce     uta SF 69 1145  120  285  42 118  61   76  25  236   95  36  56  16 105   0   343   0   0   0   4  195
o'quinn,kyle      nyk  C 77 1386  224  384   4  17  98  127 121  470  158  35 100  98 192   0   550   4   0   0  10  -36
ojeleye,semi      bos PF 73 1153   65  187  40 124  25   41  37  161   20  21  25   4  91   1   195   0   0   0   0 -175
okafor,emeka      nor  C 26  352   48   95   0   0  18   22  47  120    8   8  13  25  30   0   114   0   0   0  19    0
okafor,jahlil     bro  C 28  353   77  138   1   4  21   29  21   85   12   3  21  18  51   0   176   0   0   0   0 -163
oladipo,victor    ind SG 75 2555  640 1340 161 434 294  368  47  391  323 175 222  57 175   0  1735   2   0   0  75  336
olynyk,kelly      mia  C 76 1779  316  636 106 280 134  174  89  431  207  62 148  35 222   0   872   1   0   0  22  231
onuaku,chinanu    hou PF  1   22    2    5   0   0   0    0   1    4    1   0   3   0   4   0     4   0   0   0   0   -8
osman,cedi        cle SF 58  668   90  186  32  87  26   46  19  119   41  22  32   3  78   0   238   0   0   0  12   45
oubre,kelly       was SF 81 2232  318  790 126 369 191  233  59  362   98  80  90  35 234   1   953  10   0   0  11 -115
pachulia,zaza     gsw  C 69  967  149  263   0   1  75   93  89  320  110  37  75  17 122   0   373   1   0   0  57  199
paige,marcus      cha PG  5   27    4   14   2   8   2    2   0    4    3   0   0   0   0   0    12   0   0   0   0    8
papagiannis,geor  na   C 17  122   18   42   0   0   0    0  13   37    9   4   8   6  12   0    36   0   0   0   0   -5
parker,jabari     mil PF 31  741  160  332  31  81  40   54  42  150   59  25  45  10  50   0   391   1   0   0   3  -65
parker,tony       san PG 55 1066  178  388  10  37  55   78   7   95  195  28  68   1  52   0   421   0   0   0  21  -12
parsons,chandler  mem SF 36  691  108  234  51 121  17   27  14   90   69  18  35  11  53   0   284   0   0   0   8  -86
patterson,patric  okl PF 82 1270  106  265  66 171  40   46  33  194   57  49  34  23  87   0   318   1   0   0   3  -76
patton,justin     min  C  1    4    1    2   0   0   0    0   0    0    0   1   0   0   1   0     2   0   0   0   0    3
paul,brandon      san SG 59  571   54  126  15  54  22   43   6   68   37  25  31   7  58   0   145   1   0   0   2  -13
paul,chris        hou PG 58 1847  367  798 144 379 203  221  36  313  458  97 128  13 141   1  1081   9   0   0  58  500
payne,adreian     orl PF  5   43    7   10   2   3   5    6   2    9    0   2   2   0   6   0    21   0   0   0   0  -13
payne,cameron     chi PG 25  584   87  215  35  91  12   16  18   69  113  26  36   9  44   0   221   1   0   0  14  -89
payton,elfrid     pho PG 63 1807  329  667  30  92 109  168  64  274  393  82 168  22 147   0   797   4   0   0  63 -457
payton,gary       lak PG 23  218   30   74   6  25   3    9  13   44   21   7   7   3  30   0    69   0   0   0   6   12
perkins,kendrick  cle  C  1   15    1    2   0   0   1    2   0    1    2   1   1   0   1   0     3   0   0   0   0    3
perrantes,london  cle PG 12   66    2   12   0   2   3    5   1    4    5   2   1   1   6   0     7   0   0   0   0  -20
peters,alec       pho PF 20  224   28   74  18  58   8   10   8   37   12   2   4   2  13   0    82   0   0   0   0   35
plumlee,marshall  mil  C  7   52    1    3   0   0  12   16   4   17    2   0   3   1  10   0    14   0   0   0   0    1
plumlee,mason     den  C 74 1441  221  368   0   1  82  179 132  400  141  49 105  80 184   2   524   1   0   0  26  -55
plumlee,miles     atl  C 55  916  105  180   0   0  27   60  77  228   45  17  63  30  79   0   237   0   0   0  35 -158
poeltl,jakob      tor  C 82 1521  253  384   1   2  60  101 166  394   57  40  85 102 212   1   567   1   0   0   0  223
pondexter,quincy  chi SG 23  194   14   49   3  22  14   17   8   27    9   8  11   2  24   0    45   1   0   0   1  -89
porter,otto       was SF 77 2428  445  885 138 313 106  128 103  492  157 117  75  39 151   1  1134   0   0   0  77  287
portis,bobby      chi PF 73 1640  382  810  80 223 120  156 158  497  123  48 103  23 130   0   964   3   0   0   4  -79
porzingis,krista  nyk PF 48 1551  390  889  90 229 218  275  62  316   57  36  93 115 141   2  1088   5   0   0  48   15
powell,dwight     dal PF 79 1669  255  430  28  84 133  185 135  444   91  66  59  31 186   1   671   2   0   0  24    6
powell,norman     tor SG 69 1061  150  374  53 186  32   39  14  119   89  36  66  16 111   0   385   0   0   0  18  -11
poythress,alex    ind SF 24  103   11   26   4  11   0    0   7   17    2   3   2   1  16   0    26   0   0   0   0  -19
prince,taurean    atl SF 82 2466  415  975 176 457 152  180  50  389  214  84 191  42 168   1  1158   3   0   0  82 -364
pullen,jacob      phi SF  3    6    1    2   0   1   0    0   0    0    0   0   1   0   0   0     2   0   0   0   0    0
purvis,rodney     orl SG 16  291   35  107  13  52  13   15   1   27   17   3  10   3  26   0    96   0   0   0   2  -58
qi,zhou           hou PF 18  123    6   32   2  19   8   12   6   22    2   2  10  14  14   0    22   0   0   0   0  -67
quarterman,tim    hou SG  3   13    1    3   0   2   2    2   0    3    1   0   2   0   1   0     4   0   0   0   0  -10
rabb,ivan         mem PF 35  517   86  152   0   0  29   36  53  158   32  12  35  13  55   0   201   0   0   0   5  -91
randle,julius     lal PF 82 2190  504  903  10  45 305  425 181  654  210  43 213  45 274   6  1323   5   0   0  49  -81
randolph,zach     sac PF 59 1506  361  763  51 147  84  107  97  397  127  42 116  10 119   0   857   2   0   0  58 -351
rathan-mayes,xav  mem SG  5  118   12   42   1  14   4    9   0    5   18   6  11   3  18   0    29   1   0   0   0  -59
redick,jj         phi SG 70 2112  404  880 193 460 197  218   9  179  211  35 103   6 123   0  1198   3   0   0  70  312
reed,davon        pho SG 21  242   22   76  11  38   8   12   2   39   13  10  10   2  17   0    63   0   0   0   1  -75
reed,willie       chi PF 41  427   81  121   1   2  32   55  35  122   10   9  19  22  56   1   195   0   0   0   5   16
richardson,josh   mia SG 81 2689  399  885 127 336 120  142  68  284  231 122 138  74 199   2  1045   3   0   0  81   40
richardson,malac  tor SG 26  323   30   90  12  40  17   22   5   34   13  10  10   1  27   0    89   0   0   0   4  -56
rivers,austin     lac SG 61 2059  341  804 136 360 102  159  27  145  242  74 110  16 152   1   920   4   0   0  59  -65
roberson,andre    okl SG 39 1039   87  162   8  36  12   38  75  185   46  46  30  35  89   0   194   0   0   0  39  192
robinson,devin    was SF  1   13    1    3   0   0   0    0   2    5    0   1   0   0   2   0     2   0   0   0   0   10
robinson,glenn    ind SG 23  338   36   85  14  34   9   11  11   37   17  13   5   1  14   0    95   0   0   0   1   -1
rondo,rajon       nor PG 65 1703  231  494  50 150  25   46  31  262  533  70 150  10 119   0   537   1   0   0  63   20
rose,derrick      min PG 25  420   81  186   7  30  40   46  13   35   37   7  35   4  16   0   209   0   0   0   7  -45
ross,terrence     orl SF 24  598   76  191  30  93  27   36  10   73   38  27  29  12  45   0   209   1   0   0  20  -41
rozier,terry      bos PG 80 2066  316  800 153 402 115  149  63  376  232  80  80  20 123   0   900   1   0   0  16  112
rubio,ricky       uta PG 77 2250  346  827  96 273 220  254  44  351  410 121 208  11 206   1  1008   1   0   0  77  210
russell,d'angelo  bro PG 48 1227  277  668  89 275  97  131  30  188  249  36 147  17  93   1   740   1   0   0  35 -187
sabonis,domantas  ind PF 74 1809  340  661  13  37 168  224 164  571  151  40 137  32 220   2   861   0   0   0  19   26
sampson,jakarr    sac SF 22  345   44   81   5  10  10   16  21   78    9   8   8  22  48   0   103   0   0   0   6    1
saric,dario       phi PF 77 2308  403  889 157 399 178  207 153  520  202  51 148  21 159   0  1141   5   0   0  72  284
satoransky,tomas  was SG 73 1641  201  384  47 101  75   96  72  232  286  51  83  14 131   0   524   0   0   0  30   81
schroder,dennis   atl PG 67 2076  500 1145  76 262 225  265  44  208  418  73 183   6 147   1  1301   4   0   0  67 -278
scott,mike        was PF 76 1403  276  524  66 163  50   76  49  246   80  23  79  10 148   0   668   2   0   0   1  -59
sefolosha,thabo   uta SF 38  805  118  240  32  84  44   54  29  161   33  51  30  12  59   0   312   3   0   0   6   58
selden,wayne      mem SG 35  693  116  269  49 122  44   59  16   56   66  18  54   5  59   0   325   4   0   0   9 -102
sessions,ramon    was PG 28  393   42  116   8  26  44   57   6   38   77  14  31   2  29   0   136   0   0   0   3  -83
shumpert,iman     cle SG 14  277   22   58   7  26  11   15   7   41   17   9  17   4  22   0    62   0   0   0   6   21
siakam,pascal     tor PF 81 1670  253  498  29 132  52   85  79  364  159  61  68  42 166   0   587   0   0   0   5  299
silas,xavier      bos SG  1    7    0    3   0   2   0    0   1    2    0   1   0   0   1   0     0   0   0   0   0    1
simmons,ben       phi SF 81 2734  544  999   0  11 191  341 145  660  660 141 278  69 211   1  1279   5   0   0  81  383
simmons,jonathon  orl SG 69 2031  354  761  69 204 185  241  61  240  171  57 146  17 175   1   962   1   0   0  50 -294
simmons,kobi      mem PG 32  645   80  189  11  39  25   25  14   50   68  18  44   5  61   1   196   0   0   0  12 -214
singler,kyle      okl SF 12   60    7   21   2   5   7   13   1   10    2   1   3   0   4   0    23   0   0   0   0   -1
smart,marcus      bos PG 54 1614  189  515  75 249  97  133  43  189  259  71 129  23 133   1   550   2   0   0  11  220
smith,dennis      dal SG 69 2051  404 1023 106 339 134  193  50  260  358  71 196  17 152   1  1048   5   0   0  69 -329
smith,ish         det PG 82 2044  389  801  35 101  81  116  27  224  360  64 108  20 140   0   894   1   0   0  35   40
smith,jason       was PF 33  284   45  115   4  32  19   21  18   53   14   3  16  13  44   0   113   1   0   0   2  -83
smith,josh        nor PF  3   12    1    3   0   0   0    0   2    3    0   0   0   0   3   0     2   0   0   0   0  -10
smith,jr          cle SG 80 2247  240  595 143 381  39   56  29  235  141  68  81  10 161   0   662   2   0   0  61 -122
snell,tony        mil SG 75 2049  185  425 108 268  38   48   9  141   99  47  37  28 115   0   516   0   0   0  59  -56
speights,marrees  orl PF 50  675  138  349  86 233  40   55  21  133   40   8  40  22 106   0   402   4   0   0   3   25
stauskas,nik      bro SG 41  520   60  154  40 100  21   29   4   64   39   9  26   4  24   0   181   0   0   0   0  -56
stephenson,lance  ind SG 82 1847  303  709  67 232  84  127  62  424  235  48 131  16 177   0   757   7   0   0   7 -107
stockton,david    uta PG  3    9    2    3   2   3   4    4   0    0    0   0   1   0   3   0    10   0   0   0   0  -11
stone,julyan      cha PG 23  176    6   13   6  13   1    2   1   29   26   4   7   2  21   0    19   0   0   0   0   38
sumner,edmond     ind PG  1    2    1    1   0   0   0    0   0    1    0   0   0   0   1   0     2   0   0   0   0   -6
swanigan,caleb    por PF 27  191   24   60   1   8  12   18  15   54   14   5  18   3  37   1    61   0   0   0   3  -11
tatum,jayson      bos SF 80 2438  397  835 105 242 213  258  49  401  128  83 116  58 170   0  1112   1   0   0  80  340
taylor,isaiah     atl PG 66 1166  163  390  20  80  99  141  22   94  206  34  85  10 116   1   445   0   0   0   9  -37
teague,jeff       min ?? 70 2313  354  793  84 228 202  239  24  209  492 102 177  22 171   0   994   4   0   0  70  138
teague,marquis    mem PG  3   73    4   16   1   4   2    5   1    6   13   4   3   0   5   0    11   0   0   0   0  -24
teletovic,mirza   mil PF 10  160   25   57  21  45   0    0   3   23   10   4   7   1  14   0    71   0   0   0   0  -33
temple,garrett    sac SG 65 1616  199  475  89 227  60   78  22  151  124  59  80  26 135   0   547   0   0   0  35 -260
teodosic,milos    lac PG 45 1136  151  360  88 232  39   46  16  126  209  23  97   5 103   0   429   1   0   0  36   87
terry,jason       mil SG 50  813   59  154  40 115   8    9   5   48   59  41  26  12  52   0   166   0   0   0   4   17
theis,daniel      bos PF 63  934  126  234  18  59  61   81  90  274   56  30  56  47 157   0   331   0   0   0   3   -1
thomas,isaiah     lal PG 32  863  157  421  55 188 117  131  17   67  153  15  95   3  58   0   486   7   0   0  15 -117
thomas,lance      nyk SF 73 1352  102  267  50 124  44   53  44  175   44  30  41  14 134   1   298   0   0   0  31 -180
thompson,klay     gsw SG 73 2491  575 1179 229 519  82   98  31  278  187  56 128  34 117   0  1461   1   0   0  73  385
thompson,tristan  cle  C 53 1072  132  236   0   0  43   79 127  353   33  16  36  18 102   0   307   1   0   0  22 -138
thornwell,sindar  lac SG 71 1155  100  233  23  61  59   88  33  140   67  47  53  26 125   1   282   1   0   0  16 -103
tolliver,anthony  det PF 79 1758  219  472 159 365 106  133  50  241   90  32  57  21 144   1   703   0   0   0  14   23
towns,karl-antho  min  C 82 2920  639 1171 120 285 345  402 241 1015  199  64 160 116 285   3  1743   4   0   0  82  373
tucker,pj         hou SF 82 2281  172  441 115 310  43   60  93  457   77  78  75  26 205   4   502   7   0   0  34  496
turner,evan       por SG 79 2034  258  577  42 132  91  107  30  244  173  47  99  28 163   1   649   3   0   0  40  -51
turner,myles      ind PF 65 1834  306  639  56 157 160  206  93  416   87  37  96 120 186   0   828   1   0   0  62  116
udoh,ekpe         uta  C 63  807   60  119   0   1  42   56  68  150   53  43  20  74 105   1   162   0   0   0   3   64
ulis,tyler        pho PG 71 1656  214  551  42 146  84  101  24  128  311  70 127   7 120   0   554   1   0   0  43 -315
valanciunas,jona  tor  C 77 1723  390  687  30  74 170  211 184  660   81  29 115  69 192   1   980   4   0   0  77  226
valentine,denzel  chi SG 77 2096  301  721 143 370  38   51  48  393  244  65 100  12 185   1   783   0   0   0  37 -276
vanvleet,fred     tor PG 76 1519  232  545 108 261  84  101  24  183  243  68  74  19 130   0   656   2   0   0   0  351
vaughn,rashad     orl SG 25  211   23   56  14  37   4    6   3   22   13   4   6   3  15   0    64   0   0   0   0  -10
vonleh,noah       chi PF 54  875  104  234  20  66  36   58  70  311   34  19  31  17  68   1   264   0   0   0  16  -41
vucevic,nikola    orl  C 57 1688  399  840  64 204  77   94 101  525  191  56 110  63 144   0   939   3   0   0  57  -30
wade,dwyane       mia SG 67 1537  299  684  32 111 135  189  50  252  228  60 140  46 124   0   765   4   0   0   3   25
waiters,dion      mia SG 30  920  163  410  52 170  51   69   8   77  113  22  70   9  61   1   429   2   0   0  30  -83
walker,kemba      cha PG 80 2738  588 1363 231 601 363  420  32  248  444  92 179  24  98   0  1770   0   0   0  80  203
wall,john         was PG 41 1407  280  665  62 167 175  241  21  148  393  57 159  45  80   0   797   6   0   0  41  126
wallace,tyrone    lac SG 29  850  110  247  10  40  61   78  21  105   71  27  46  13  83   0   291   0   0   0  19  -23
walton,derrick    mia SF 16  145    8   25   7  17   6    6   2   16   16   7   2   3   7   0    29   0   0   0   0  -27
warney,jameel     dal PF  3   27    7   12   0   0   3    5   4    9    0   0   1   0   2   0    17   0   0   0   0   -5
warren,tj         pho SF 65 2137  529 1063  20  90 193  255 125  332   85  65  84  41 149   2  1271   8   0   0  65 -431
wear,travis       lal SF 17  229   25   72  17  47   8    8   0   38    7   4   6   5  30   0    75   0   0   0   0   11
webb,james        bro SF 10  120    6   24   4  19   0    0   8   24    4   1   4   0  10   0    16   0   0   0   0  -26
weber,briante     mem PG 18  235   19   43   4  11   8   10   8   35   22  18  15   5  28   0    50   0   0   0   0 -108
west,david        gsw PF 73  999  216  378   2   7  60   79  64  238  137  47  80  75 120   0   494   2   0   0   0   20
westbrook,russel  okl PG 80 2916  757 1687  97 326 417  566 151  806  819 148 381  20 200   1  2028  14   0   0  80  383
white,derrick     san PG 15  138   16   33   8  13  14   20   5   26    9   4   6   3   8   0    54   0   0   0   0   33
white,okaro       mia PF  5   80    7   16   4  11   2    3   3   11    2   1   1   1   6   0    20   0   0   0   4    1
white_iii,andrew  atl SF 15  208   25   73  18  49   1    4   4   34    6   3   8   1  12   0    69   0   0   0   0  -76
whitehead,isaiah  bro SG 16  181   40   86   7  18  13   19   4   26   20   8  24   2  23   0   100   0   0   0   0   -8
whiteside,hassan  mia  C 54 1363  312  578   2   2 128  182 174  617   54  39  93  94 131   2   754   2   0   0  54  -75
wiggins,andrew    min SG 82 2979  569 1300 112 338 202  314  81  357  160  91 138  52 163   1  1452   0   0   0  82  208
wiley,jacob       bro SF  5   33    1    4   1   2   1    2   2   11    2   1   0   0   4   0     4   0   0   0   0   13
wilkins,damien    ind SG 19  152   13   39   4  18   3    4   5   16    9   2   5   1   7   0    33   0   0   0   1   29
williams,alan     pho PF  5   70    7   18   0   0   6    9   3   22    8   5   7   1  13   0    20   0   0   0   0    1
williams,c.j.     lac SG 35  704   87  197  22  78  13   16  12   56   43  31  20  13  63   0   209   0   0   0  18  -36
williams,derrick  lal PF  1    8    1    4   0   2   0    0   0    1    0   0   0   0   0   0     2   0   0   0   0   -5
williams,lou      lac SG 79 2589  582 1337 186 518 432  491  40  198  417  85 234  20 106   0  1782   2   0   0  19  121
williams,marvin   cha PF 78 2007  258  563 126 306 102  123  74  370   96  56  66  39 116   1   744   0   0   0  78   68
williams,matt     mia SG  3   11    2    6   1   5   0    0   0    1    0   0   1   0   1   0     5   0   0   0   0   16
williams,troy     nyk SF 21  307   51  109  11  38  20   30  22   63   16  20  19   4  34   0   133   0   0   0   1  -31
wilson,d.j.       mil SG 21   71    9   16   2   5   1    2   2   10    3   3   4   1   7   0    21   0   0   0   0  -41
wilson,jamil      lac SF 15  273   38   81  27  63   2    4   3   32   10   5   8   8  34   1   105   0   0   0  10   -1
winslow,justise   mia SF 68 1679  207  487  49 130  66  104  64  370  148  53  77  33 140   1   529   3   0   0  25   25
withey,jeff       dal  C  9   39    6   16   2  10   1    2   1   10    0   0   2   3   3   0    15   0   0   0   0   23
wolters,nate      uta PG  5   19    1    6   0   0   0    0   1    2    1   0   0   0   1   0     2   0   0   0   0    3
wright,brandan    hou PF 28  379   59  102   0   0  21   33  33   95   13  13   8  26  32   0   139   0   0   0   1   42
wright,delon      tor PG 69 1437  201  432  56 154  99  119  45  197  200  72  78  33  81   0   557   1   0   0   4  236
yabusele,guersch  bos PF 31  236   26   61  12  37  15   22  17   52   16   4  12   5  23   0    79   0   0   0   4   -6
young,james       phi SG  6   61    5   14   3  10   4    6   0    2    2   0   1   0   4   0    17   0   0   0   0  -26
young,joe         ind PG 53  560   80  186  25  66  22   29  12   63   39  14  26   1  39   0   207   0   0   0   1  -54
young,nick        gsw SG 80 1398  201  488 123 326  56   65  21  127   36  38  41   7 100   0   581   4   0   0   8   54
young,thaddeus    ind PF 81 2605  421  864  58 181  55   92 184  514  152 133 104  37 175   0   955   2   0   0  81  210
zeller,cody       cha PF 33  626   85  154   2   3  61   85  65  175   31  14  33  21  81   1   233   0   0   0   0   23
zeller,tyler      mil  C 66 1112  187  334  10  28  57   79 109  304   47  15  47  35 126   0   441   0   0   0  34   26
zipser,paul       chi SG 53  822   81  234  37 111  19   26  13  130   46  20  43  15  86   0   218   0   0   0  12 -213
zizic,ante        cle PF 31  217   49   67   0   0  21   29  24   60    5   2  11  13  30   0   119   0   0   0   2  -39
zubac,ivica       lal  C 43  410   61  122   0   1  39   51  45  122   25   8  26  15  47   0   161   0   0   0   0   40
